{"logs": {"0": {"selected_clients": [25, 12, 13, 6, 7, 8, 10, 20, 9, 29, 5, 24, 26, 23, 22], "average_acc_selected": 9.791382554402649, "average_acc_all": 9.791382554402649, "global_accuracy": 0.1032, "cluster_win_rates": [1.0], "cluster_assignments": {"0": [0, 1, 2, 3, 4, 5, 6, 7, 8, 9, 10, 11, 12, 13, 14, 15, 16, 17, 18, 19, 20, 21, 22, 23, 24, 25, 26, 27, 28, 29]}}, "1": {"selected_clients": [10, 23, 1, 21, 25, 19, 13, 18, 12, 5, 6, 17, 14, 11, 22], "average_acc_selected": 31.38975754472876, "average_acc_all": 31.38975754472876, "global_accuracy": 0.2805, "cluster_win_rates": [1.0], "cluster_assignments": {"0": [0, 1, 2, 3, 4, 5, 6, 7, 8, 9, 10, 11, 12, 13, 14, 15, 16, 17, 18, 19, 20, 21, 22, 23, 24, 25, 26, 27, 28, 29]}}, "2": {"selected_clients": [23, 27, 9, 11, 25, 17, 7, 0, 24, 1, 16, 13, 8, 15, 5], "average_acc_selected": 45.72474033345801, "average_acc_all": 45.72474033345801, "global_accuracy": 0.4455, "cluster_win_rates": [1.0], "cluster_assignments": {"0": [0, 1, 2, 3, 4, 5, 6, 7, 8, 9, 10, 11, 12, 13, 14, 15, 16, 17, 18, 19, 20, 21, 22, 23, 24, 25, 26, 27, 28, 29]}}, "3": {"selected_clients": [10, 15, 27, 28, 29, 26, 3, 25, 20, 24, 23, 2, 17, 16, 7], "average_acc_selected": 47.83643739981755, "average_acc_all": 47.83643739981755, "global_accuracy": 0.455, "cluster_win_rates": [1.0], "cluster_assignments": {"0": [0, 1, 2, 3, 4, 5, 6, 7, 8, 9, 10, 11, 12, 13, 14, 15, 16, 17, 18, 19, 20, 21, 22, 23, 24, 25, 26, 27, 28, 29]}}, "4": {"selected_clients": [20, 6, 28, 7, 9, 16, 8, 23, 13, 18, 0, 29, 27, 26, 14], "average_acc_selected": 48.960745934429404, "average_acc_all": 48.960745934429404, "global_accuracy": 0.463, "cluster_win_rates": [1.0], "cluster_assignments": {"0": [0, 1, 2, 3, 4, 5, 6, 7, 8, 9, 10, 11, 12, 13, 14, 15, 16, 17, 18, 19, 20, 21, 22, 23, 24, 25, 26, 27, 28, 29]}}, "5": {"selected_clients": [5, 2, 4, 15, 27, 3, 23, 29, 11, 24, 28, 7, 6, 20, 18], "average_acc_selected": 49.67881542134453, "average_acc_all": 49.67881542134453, "global_accuracy": 0.4774, "cluster_win_rates": [1.0], "cluster_assignments": {"0": [0, 1, 2, 3, 4, 5, 6, 7, 8, 9, 10, 11, 12, 13, 14, 15, 16, 17, 18, 19, 20, 21, 22, 23, 24, 25, 26, 27, 28, 29]}}, "6": {"selected_clients": [15, 24, 5, 20, 22, 21, 13, 10, 25, 12, 27, 17, 14, 9, 4], "average_acc_selected": 58.21744527378259, "average_acc_all": 58.21744527378259, "global_accuracy": 0.5181, "cluster_win_rates": [0.1864, 0.3074, 0.5062], "cluster_assignments": {"0": [10, 12, 13, 14, 15, 17], "1": [0, 1, 2, 3, 6, 7, 8, 11, 16, 18, 19, 20, 21, 22, 23, 24, 25, 26, 27, 28, 29], "2": [4, 5, 9]}}, "7": {"selected_clients": [14, 15, 17, 24, 3, 23, 22, 29, 25, 26, 16, 20, 6, 5], "average_acc_selected": 57.118514671123314, "average_acc_all": 57.118514671123314, "global_accuracy": 0.5695, "cluster_win_rates": [0.2417, 0.1372, 0.6211], "cluster_assignments": {"0": [10, 12, 13, 14, 15, 17], "1": [0, 1, 2, 3, 6, 7, 8, 11, 16, 18, 19, 20, 21, 22, 23, 24, 25, 26, 27, 28, 29], "2": [4, 5, 9]}}, "8": {"selected_clients": [10, 17, 14, 11, 19, 27, 8, 16, 6, 29, 20, 3, 1, 9], "average_acc_selected": 54.923059709138776, "average_acc_all": 54.923059709138776, "global_accuracy": 0.6153, "cluster_win_rates": [0.2059, 0.1329, 0.6612], "cluster_assignments": {"0": [10, 12, 13, 14, 15, 17], "1": [0, 1, 2, 3, 6, 7, 8, 11, 16, 18, 19, 20, 21, 22, 23, 24, 25, 26, 27, 28, 29], "2": [4, 5, 9]}}, "9": {"selected_clients": [10, 17, 15, 28, 11, 8, 18, 3, 2, 25, 21, 23, 0, 9], "average_acc_selected": 58.09028359240126, "average_acc_all": 58.09028359240126, "global_accuracy": 0.6339, "cluster_win_rates": [0.0679, 0.6905, 0.2416], "cluster_assignments": {"0": [0, 1, 2, 3, 6, 7, 8, 11, 16, 18, 19, 20, 21, 22, 23, 24, 25, 26, 27, 28, 29], "1": [4, 5, 9], "2": [10, 12, 13, 14, 15, 17]}}, "10": {"selected_clients": [21, 18, 16, 29, 26, 25, 22, 11, 23, 3, 9, 14, 13, 12], "average_acc_selected": 61.98521783586822, "average_acc_all": 61.98521783586822, "global_accuracy": 0.6524, "cluster_win_rates": [0.0656, 0.7288, 0.2056], "cluster_assignments": {"0": [0, 1, 2, 3, 6, 7, 8, 11, 16, 18, 19, 20, 21, 22, 23, 24, 25, 26, 27, 28, 29], "1": [4, 5, 9], "2": [10, 12, 13, 14, 15, 17]}}, "11": {"selected_clients": [20, 3, 2, 29, 1, 7, 27, 8, 23, 0, 5, 14, 15, 17], "average_acc_selected": 65.50360364840232, "average_acc_all": 65.50360364840232, "global_accuracy": 0.6303, "cluster_win_rates": [0.0666, 0.6523, 0.2811], "cluster_assignments": {"0": [0, 1, 2, 3, 6, 7, 8, 11, 16, 18, 19, 20, 21, 22, 23, 24, 25, 26, 27, 28, 29], "1": [4, 5, 9], "2": [10, 12, 13, 14, 15, 17]}}, "12": {"selected_clients": [11, 22, 3, 21, 26, 25, 19, 20, 24, 29, 5, 17, 13, 14], "average_acc_selected": 67.38585758888915, "average_acc_all": 67.38585758888915, "global_accuracy": 0.71, "cluster_win_rates": [0.0637, 0.2058, 0.7305], "cluster_assignments": {"0": [0, 1, 2, 3, 6, 7, 8, 11, 16, 18, 19, 20, 21, 22, 23, 24, 25, 26, 27, 28, 29], "1": [10, 12, 13, 14, 15, 17], "2": [4, 5, 9]}}, "13": {"selected_clients": [8, 19, 16, 11, 0, 20, 7, 29, 26, 25, 10, 12, 17, 5], "average_acc_selected": 64.37417421476935, "average_acc_all": 64.37417421476935, "global_accuracy": 0.7177, "cluster_win_rates": [0.0395, 0.2121, 0.7484], "cluster_assignments": {"0": [0, 1, 2, 3, 6, 7, 8, 11, 16, 18, 19, 20, 21, 22, 23, 24, 25, 26, 27, 28, 29], "1": [10, 12, 13, 14, 15, 17], "2": [4, 5, 9]}}, "14": {"selected_clients": [20, 18, 7, 8, 22, 6, 11, 23, 27, 2, 17, 13, 10, 9], "average_acc_selected": 67.5924538318552, "average_acc_all": 67.5924538318552, "global_accuracy": 0.7284, "cluster_win_rates": [0.0339, 0.2221, 0.744], "cluster_assignments": {"0": [0, 1, 2, 3, 6, 7, 8, 11, 16, 18, 19, 20, 21, 22, 23, 24, 25, 26, 27, 28, 29], "1": [10, 12, 13, 14, 15, 17], "2": [4, 5, 9]}}, "15": {"selected_clients": [11, 0, 23, 24, 28, 25, 21, 27, 2, 26, 13, 12, 15, 4], "average_acc_selected": 71.82847057120362, "average_acc_all": 71.82847057120362, "global_accuracy": 0.7344, "cluster_win_rates": [0.0509, 0.7374, 0.2117], "cluster_assignments": {"0": [0, 1, 2, 3, 6, 7, 8, 11, 16, 18, 19, 20, 21, 22, 23, 24, 25, 26, 27, 28, 29], "1": [4, 5, 9], "2": [10, 12, 13, 14, 15, 17]}}, "16": {"selected_clients": [21, 27, 29, 16, 1, 3, 7, 0, 28, 18, 4, 15, 17, 12], "average_acc_selected": 69.64119497197842, "average_acc_all": 69.64119497197842, "global_accuracy": 0.7231, "cluster_win_rates": [0.0492, 0.7188, 0.232], "cluster_assignments": {"0": [0, 1, 2, 3, 6, 7, 8, 11, 16, 18, 19, 20, 21, 22, 23, 24, 25, 26, 27, 28, 29], "1": [4, 5, 9], "2": [10, 12, 13, 14, 15, 17]}}, "17": {"selected_clients": [25, 6, 19, 24, 16, 2, 3, 8, 18, 27, 5, 14, 12, 15], "average_acc_selected": 68.95543481477007, "average_acc_all": 68.95543481477007, "global_accuracy": 0.7592, "cluster_win_rates": [0.035, 0.7676, 0.1974], "cluster_assignments": {"0": [0, 1, 2, 3, 6, 7, 8, 11, 16, 18, 19, 20, 21, 22, 23, 24, 25, 26, 27, 28, 29], "1": [4, 5, 9], "2": [10, 12, 13, 14, 15, 17]}}, "18": {"selected_clients": [22, 3, 24, 16, 18, 28, 8, 23, 29, 19, 4, 15, 17, 13], "average_acc_selected": 72.39725551531377, "average_acc_all": 72.39725551531377, "global_accuracy": 0.7692, "cluster_win_rates": [0.0373, 0.7716, 0.1911], "cluster_assignments": {"0": [0, 1, 2, 3, 6, 7, 8, 11, 16, 18, 19, 20, 21, 22, 23, 24, 25, 26, 27, 28, 29], "1": [4, 5, 9], "2": [10, 12, 13, 14, 15, 17]}}, "19": {"selected_clients": [24, 18, 11, 8, 0, 6, 25, 7, 21, 23, 5, 14, 10, 12], "average_acc_selected": 72.71486078048684, "average_acc_all": 72.71486078048684, "global_accuracy": 0.7848, "cluster_win_rates": [0.0376, 0.7862, 0.1762], "cluster_assignments": {"0": [0, 1, 2, 3, 6, 7, 8, 11, 16, 18, 19, 20, 21, 22, 23, 24, 25, 26, 27, 28, 29], "1": [4, 5, 9], "2": [10, 12, 13, 14, 15, 17]}}, "20": {"selected_clients": [11, 25, 21, 29, 19, 3, 6, 0, 28, 8, 9, 15, 17, 10], "average_acc_selected": 74.73136402114525, "average_acc_all": 75.32500185941919, "global_accuracy": 0.7976, "cluster_win_rates": [0.0358, 0.8, 0.1642], "cluster_assignments": {"0": [0, 1, 2, 3, 6, 7, 8, 11, 16, 18, 19, 20, 21, 22, 23, 24, 25, 26, 27, 28, 29], "1": [4, 5, 9], "2": [10, 12, 13, 14, 15, 17]}}, "21": {"selected_clients": [19, 20, 26, 8, 22, 2, 0, 6, 1, 11, 9, 14, 15, 10], "average_acc_selected": 75.66608077778199, "average_acc_all": 75.66608077778199, "global_accuracy": 0.7955, "cluster_win_rates": [0.0401, 0.7908, 0.1691], "cluster_assignments": {"0": [0, 1, 2, 3, 6, 7, 8, 11, 16, 18, 19, 20, 21, 22, 23, 24, 25, 26, 27, 28, 29], "1": [4, 5, 9], "2": [10, 12, 13, 14, 15, 17]}}, "22": {"selected_clients": [25, 23, 24, 8, 18, 16, 26, 11, 22, 7, 4, 14, 15, 17], "average_acc_selected": 76.27212428874088, "average_acc_all": 76.27212428874088, "global_accuracy": 0.7961, "cluster_win_rates": [0.0419, 0.7951, 0.163], "cluster_assignments": {"0": [0, 1, 2, 3, 6, 7, 8, 11, 16, 18, 19, 20, 21, 22, 23, 24, 25, 26, 27, 28, 29], "1": [4, 5, 9], "2": [10, 12, 13, 14, 15, 17]}}, "23": {"selected_clients": [20, 24, 16, 18, 27, 1, 8, 22, 21, 26, 9, 13, 14, 12], "average_acc_selected": 79.44342794749649, "average_acc_all": 79.44342794749649, "global_accuracy": 0.8108, "cluster_win_rates": [0.0462, 0.8076, 0.1462], "cluster_assignments": {"0": [0, 1, 2, 3, 6, 7, 8, 11, 16, 18, 19, 20, 21, 22, 23, 24, 25, 26, 27, 28, 29], "1": [4, 5, 9], "2": [10, 12, 13, 14, 15, 17]}}, "24": {"selected_clients": [6, 3, 23, 2, 26, 8, 29, 24, 18, 20, 9, 12, 10, 14], "average_acc_selected": 80.74548443144272, "average_acc_all": 80.74548443144272, "global_accuracy": 0.8189, "cluster_win_rates": [0.0384, 0.8201, 0.1415], "cluster_assignments": {"0": [0, 1, 2, 3, 6, 7, 8, 11, 16, 18, 19, 20, 21, 22, 23, 24, 25, 26, 27, 28, 29], "1": [4, 5, 9], "2": [10, 12, 13, 14, 15, 17]}}, "25": {"selected_clients": [3, 26, 25, 24, 19, 18, 20, 29, 27, 1, 4, 10, 12, 17], "average_acc_selected": 79.85280675586382, "average_acc_all": 79.85280675586382, "global_accuracy": 0.7981, "cluster_win_rates": [0.0727, 0.7701, 0.1572], "cluster_assignments": {"0": [0, 1, 2, 3, 6, 7, 8, 11, 16, 18, 19, 20, 21, 22, 23, 24, 25, 26, 27, 28, 29], "1": [4, 5, 9], "2": [10, 12, 13, 14, 15, 17]}}, "26": {"selected_clients": [22, 18, 7, 23, 25, 16, 8, 11, 3, 20, 5, 15, 10, 13], "average_acc_selected": 80.27038534116025, "average_acc_all": 80.27038534116025, "global_accuracy": 0.8015, "cluster_win_rates": [0.0562, 0.7833, 0.1605], "cluster_assignments": {"0": [0, 1, 2, 3, 6, 7, 8, 11, 16, 18, 19, 20, 21, 22, 23, 24, 25, 26, 27, 28, 29], "1": [4, 5, 9], "2": [10, 12, 13, 14, 15, 17]}}, "27": {"selected_clients": [1, 18, 8, 21, 20, 27, 24, 7, 2, 26, 4, 12, 14, 10], "average_acc_selected": 81.7539941400131, "average_acc_all": 81.7539941400131, "global_accuracy": 0.8106, "cluster_win_rates": [0.0537, 0.7967, 0.1496], "cluster_assignments": {"0": [0, 1, 2, 3, 6, 7, 8, 11, 16, 18, 19, 20, 21, 22, 23, 24, 25, 26, 27, 28, 29], "1": [4, 5, 9], "2": [10, 12, 13, 14, 15, 17]}}, "28": {"selected_clients": [19, 3, 23, 20, 6, 26, 22, 16, 24, 27, 9, 10, 14, 15], "average_acc_selected": 81.94344631216659, "average_acc_all": 81.94344631216659, "global_accuracy": 0.8129, "cluster_win_rates": [0.0531, 0.7987, 0.1482], "cluster_assignments": {"0": [0, 1, 2, 3, 6, 7, 8, 11, 16, 18, 19, 20, 21, 22, 23, 24, 25, 26, 27, 28, 29], "1": [4, 5, 9], "2": [10, 12, 13, 14, 15, 17]}}, "29": {"selected_clients": [27, 21, 2, 7, 18, 25, 20, 1, 11, 3, 4, 13, 10, 12], "average_acc_selected": 81.86778500022311, "average_acc_all": 81.86778500022311, "global_accuracy": 0.811, "cluster_win_rates": [0.0617, 0.792, 0.1463], "cluster_assignments": {"0": [0, 1, 2, 3, 6, 7, 8, 11, 16, 18, 19, 20, 21, 22, 23, 24, 25, 26, 27, 28, 29], "1": [4, 5, 9], "2": [10, 12, 13, 14, 15, 17]}}, "30": {"selected_clients": [24, 3, 8, 22, 6, 0, 25, 7, 28, 19, 9, 15, 13, 10], "average_acc_selected": 82.97738495652868, "average_acc_all": 82.97738495652868, "global_accuracy": 0.8158, "cluster_win_rates": [0.0544, 0.8009, 0.1447], "cluster_assignments": {"0": [0, 1, 2, 3, 6, 7, 8, 11, 16, 18, 19, 20, 21, 22, 23, 24, 25, 26, 27, 28, 29], "1": [4, 5, 9], "2": [10, 12, 13, 14, 15, 17]}}, "31": {"selected_clients": [24, 20, 21, 16, 29, 26, 8, 19, 22, 27, 4, 15, 12, 10], "average_acc_selected": 83.49709673985156, "average_acc_all": 83.49709673985156, "global_accuracy": 0.8126, "cluster_win_rates": [0.0552, 0.7964, 0.1484], "cluster_assignments": {"0": [0, 1, 2, 3, 6, 7, 8, 11, 16, 18, 19, 20, 21, 22, 23, 24, 25, 26, 27, 28, 29], "1": [4, 5, 9], "2": [10, 12, 13, 14, 15, 17]}}, "32": {"selected_clients": [0, 20, 11, 26, 1, 2, 29, 28, 8, 24, 5, 12, 14, 17], "average_acc_selected": 83.71097363505702, "average_acc_all": 83.71097363505702, "global_accuracy": 0.8161, "cluster_win_rates": [0.076, 0.7709, 0.1531], "cluster_assignments": {"0": [0, 1, 2, 3, 6, 7, 8, 11, 16, 18, 19, 20, 21, 22, 23, 24, 25, 26, 27, 28, 29], "1": [4, 5, 9], "2": [10, 12, 13, 14, 15, 17]}}, "33": {"selected_clients": [21, 28, 25, 8, 11, 18, 19, 24, 20, 29, 5, 17, 10, 12], "average_acc_selected": 83.3423336183654, "average_acc_all": 83.3423336183654, "global_accuracy": 0.8338, "cluster_win_rates": [0.0551, 0.8138, 0.1311], "cluster_assignments": {"0": [0, 1, 2, 3, 6, 7, 8, 11, 16, 18, 19, 20, 21, 22, 23, 24, 25, 26, 27, 28, 29], "1": [4, 5, 9], "2": [10, 12, 13, 14, 15, 17]}}, "34": {"selected_clients": [0, 2, 24, 11, 27, 19, 28, 8, 16, 29, 4, 13, 15, 17], "average_acc_selected": 83.17263104176915, "average_acc_all": 83.17263104176915, "global_accuracy": 0.8404, "cluster_win_rates": [0.0454, 0.8334, 0.1212], "cluster_assignments": {"0": [0, 1, 2, 3, 6, 7, 8, 11, 16, 18, 19, 20, 21, 22, 23, 24, 25, 26, 27, 28, 29], "1": [4, 5, 9], "2": [10, 12, 13, 14, 15, 17]}}, "35": {"selected_clients": [3, 2, 19, 29, 24, 1, 22, 7, 23, 21, 5, 10, 14, 17], "average_acc_selected": 84.97639662756727, "average_acc_all": 84.97639662756727, "global_accuracy": 0.835, "cluster_win_rates": [0.0641, 0.8029, 0.133], "cluster_assignments": {"0": [0, 1, 2, 3, 6, 7, 8, 11, 16, 18, 19, 20, 21, 22, 23, 24, 25, 26, 27, 28, 29], "1": [4, 5, 9], "2": [10, 12, 13, 14, 15, 17]}}, "36": {"selected_clients": [16, 20, 2, 29, 3, 25, 22, 6, 18, 23, 9, 12, 17, 10], "average_acc_selected": 85.43017795456731, "average_acc_all": 85.43017795456731, "global_accuracy": 0.8388, "cluster_win_rates": [0.0497, 0.8205, 0.1298], "cluster_assignments": {"0": [0, 1, 2, 3, 6, 7, 8, 11, 16, 18, 19, 20, 21, 22, 23, 24, 25, 26, 27, 28, 29], "1": [4, 5, 9], "2": [10, 12, 13, 14, 15, 17]}}, "37": {"selected_clients": [16, 18, 1, 25, 22, 8, 3, 29, 6, 21, 9, 13, 14, 15], "average_acc_selected": 84.78113801298056, "average_acc_all": 84.78113801298056, "global_accuracy": 0.85, "cluster_win_rates": [0.052, 0.8321, 0.1159], "cluster_assignments": {"0": [0, 1, 2, 3, 6, 7, 8, 11, 16, 18, 19, 20, 21, 22, 23, 24, 25, 26, 27, 28, 29], "1": [4, 5, 9], "2": [10, 12, 13, 14, 15, 17]}}, "38": {"selected_clients": [8, 25, 19, 7, 29, 1, 11, 2, 26, 28, 5, 15, 10, 14], "average_acc_selected": 84.52905296079474, "average_acc_all": 84.52905296079474, "global_accuracy": 0.8332, "cluster_win_rates": [0.0734, 0.7904, 0.1362], "cluster_assignments": {"0": [0, 1, 2, 3, 6, 7, 8, 11, 16, 18, 19, 20, 21, 22, 23, 24, 25, 26, 27, 28, 29], "1": [4, 5, 9], "2": [10, 12, 13, 14, 15, 17]}}, "39": {"selected_clients": [16, 1, 19, 27, 11, 28, 24, 20, 21, 26, 5, 10, 15, 13], "average_acc_selected": 84.66460778657049, "average_acc_all": 84.66460778657049, "global_accuracy": 0.8414, "cluster_win_rates": [0.0532, 0.8251, 0.1217], "cluster_assignments": {"0": [0, 1, 2, 3, 6, 7, 8, 11, 16, 18, 19, 20, 21, 22, 23, 24, 25, 26, 27, 28, 29], "1": [4, 5, 9], "2": [10, 12, 13, 14, 15, 17]}}, "40": {"selected_clients": [8, 20, 23, 7, 26, 28, 18, 27, 1, 3, 9, 17, 14, 15], "average_acc_selected": 85.96379757599489, "average_acc_all": 85.24904973674943, "global_accuracy": 0.8442, "cluster_win_rates": [0.0466, 0.8283, 0.1251], "cluster_assignments": {"0": [0, 1, 2, 3, 6, 7, 8, 11, 16, 18, 19, 20, 21, 22, 23, 24, 25, 26, 27, 28, 29], "1": [4, 5, 9], "2": [10, 12, 13, 14, 15, 17]}}, "41": {"selected_clients": [20, 18, 0, 1, 8, 6, 2, 7, 24, 25, 5, 14, 10, 15], "average_acc_selected": 85.35429310056104, "average_acc_all": 85.35429310056104, "global_accuracy": 0.8491, "cluster_win_rates": [0.0683, 0.8101, 0.1216], "cluster_assignments": {"0": [0, 1, 2, 3, 6, 7, 8, 11, 16, 18, 19, 20, 21, 22, 23, 24, 25, 26, 27, 28, 29], "1": [4, 5, 9], "2": [10, 12, 13, 14, 15, 17]}}, "42": {"selected_clients": [2, 28, 29, 25, 0, 7, 21, 23, 24, 20, 4, 12, 14, 17], "average_acc_selected": 87.57860137787885, "average_acc_all": 87.57860137787885, "global_accuracy": 0.8387, "cluster_win_rates": [0.0555, 0.8142, 0.1303], "cluster_assignments": {"0": [0, 1, 2, 3, 6, 7, 8, 11, 16, 18, 19, 20, 21, 22, 23, 24, 25, 26, 27, 28, 29], "1": [4, 5, 9], "2": [10, 12, 13, 14, 15, 17]}}, "43": {"selected_clients": [23, 21, 1, 27, 25, 19, 29, 8, 11, 28, 5, 13, 12, 15], "average_acc_selected": 86.07249250520515, "average_acc_all": 86.07249250520515, "global_accuracy": 0.8518, "cluster_win_rates": [0.0555, 0.8257, 0.1188], "cluster_assignments": {"0": [0, 1, 2, 3, 6, 7, 8, 11, 16, 18, 19, 20, 21, 22, 23, 24, 25, 26, 27, 28, 29], "1": [4, 5, 9], "2": [10, 12, 13, 14, 15, 17]}}, "44": {"selected_clients": [18, 28, 22, 8, 26, 3, 21, 0, 11, 1, 5, 17, 14, 15], "average_acc_selected": 85.6455699119825, "average_acc_all": 85.6455699119825, "global_accuracy": 0.8558, "cluster_win_rates": [0.0487, 0.8366, 0.1147], "cluster_assignments": {"0": [0, 1, 2, 3, 6, 7, 8, 11, 16, 18, 19, 20, 21, 22, 23, 24, 25, 26, 27, 28, 29], "1": [4, 5, 9], "2": [10, 12, 13, 14, 15, 17]}}, "45": {"selected_clients": [6, 23, 19, 27, 8, 26, 11, 25, 3, 16, 4, 14, 10, 15], "average_acc_selected": 86.16209777607403, "average_acc_all": 86.16209777607403, "global_accuracy": 0.841, "cluster_win_rates": [0.0489, 0.8232, 0.1279], "cluster_assignments": {"0": [0, 1, 2, 3, 6, 7, 8, 11, 16, 18, 19, 20, 21, 22, 23, 24, 25, 26, 27, 28, 29], "1": [4, 5, 9], "2": [10, 12, 13, 14, 15, 17]}}, "46": {"selected_clients": [0, 27, 6, 8, 16, 24, 19, 21, 26, 18, 9, 10, 14, 13], "average_acc_selected": 85.74203962013443, "average_acc_all": 85.74203962013443, "global_accuracy": 0.8539, "cluster_win_rates": [0.0413, 0.8442, 0.1145], "cluster_assignments": {"0": [0, 1, 2, 3, 6, 7, 8, 11, 16, 18, 19, 20, 21, 22, 23, 24, 25, 26, 27, 28, 29], "1": [4, 5, 9], "2": [10, 12, 13, 14, 15, 17]}}, "47": {"selected_clients": [22, 21, 1, 2, 26, 0, 27, 20, 16, 8, 5, 13, 14, 15], "average_acc_selected": 86.89164002659436, "average_acc_all": 86.89164002659436, "global_accuracy": 0.8532, "cluster_win_rates": [0.058, 0.8242, 0.1178], "cluster_assignments": {"0": [0, 1, 2, 3, 6, 7, 8, 11, 16, 18, 19, 20, 21, 22, 23, 24, 25, 26, 27, 28, 29], "1": [4, 5, 9], "2": [10, 12, 13, 14, 15, 17]}}, "48": {"selected_clients": [7, 20, 29, 8, 23, 16, 11, 3, 24, 27, 4, 15, 17, 12], "average_acc_selected": 87.15177163488616, "average_acc_all": 87.15177163488616, "global_accuracy": 0.8379, "cluster_win_rates": [0.0534, 0.8134, 0.1332], "cluster_assignments": {"0": [0, 1, 2, 3, 6, 7, 8, 11, 16, 18, 19, 20, 21, 22, 23, 24, 25, 26, 27, 28, 29], "1": [4, 5, 9], "2": [10, 12, 13, 14, 15, 17]}}, "49": {"selected_clients": [7, 28, 26, 1, 23, 21, 24, 16, 11, 27, 4, 17, 10, 14], "average_acc_selected": 86.71096304906749, "average_acc_all": 86.71096304906749, "global_accuracy": 0.853, "cluster_win_rates": [0.0497, 0.836, 0.1143], "cluster_assignments": {"0": [0, 1, 2, 3, 6, 7, 8, 11, 16, 18, 19, 20, 21, 22, 23, 24, 25, 26, 27, 28, 29], "1": [4, 5, 9], "2": [10, 12, 13, 14, 15, 17]}}, "50": {"selected_clients": [24, 16, 23, 3, 20, 28, 18, 2, 1, 27, 4, 10, 15, 14], "average_acc_selected": 86.96109998001468, "average_acc_all": 86.96109998001468, "global_accuracy": 0.8565, "cluster_win_rates": [0.0514, 0.8364, 0.1122], "cluster_assignments": {"0": [0, 1, 2, 3, 6, 7, 8, 11, 16, 18, 19, 20, 21, 22, 23, 24, 25, 26, 27, 28, 29], "1": [4, 5, 9], "2": [10, 12, 13, 14, 15, 17]}}, "51": {"selected_clients": [11, 28, 27, 20, 2, 21, 3, 24, 0, 1, 9, 10, 13, 12], "average_acc_selected": 87.2207396710534, "average_acc_all": 87.2207396710534, "global_accuracy": 0.8594, "cluster_win_rates": [0.0532, 0.8376, 0.1092], "cluster_assignments": {"0": [0, 1, 2, 3, 6, 7, 8, 11, 16, 18, 19, 20, 21, 22, 23, 24, 25, 26, 27, 28, 29], "1": [4, 5, 9], "2": [10, 12, 13, 14, 15, 17]}}, "52": {"selected_clients": [20, 16, 24, 11, 1, 19, 3, 28, 8, 6, 9, 14, 13, 15], "average_acc_selected": 86.29235505891317, "average_acc_all": 86.29235505891317, "global_accuracy": 0.8613, "cluster_win_rates": [0.0518, 0.8368, 0.1114], "cluster_assignments": {"0": [0, 1, 2, 3, 6, 7, 8, 11, 16, 18, 19, 20, 21, 22, 23, 24, 25, 26, 27, 28, 29], "1": [4, 5, 9], "2": [10, 12, 13, 14, 15, 17]}}, "53": {"selected_clients": [6, 26, 19, 18, 29, 3, 27, 16, 2, 21, 9, 14, 12, 17], "average_acc_selected": 86.89805408622337, "average_acc_all": 86.89805408622337, "global_accuracy": 0.8551, "cluster_win_rates": [0.0467, 0.8376, 0.1157], "cluster_assignments": {"0": [0, 1, 2, 3, 6, 7, 8, 11, 16, 18, 19, 20, 21, 22, 23, 24, 25, 26, 27, 28, 29], "1": [4, 5, 9], "2": [10, 12, 13, 14, 15, 17]}}, "54": {"selected_clients": [6, 23, 28, 25, 1, 19, 8, 21, 16, 24, 5, 12, 17, 13], "average_acc_selected": 86.73722001946452, "average_acc_all": 86.73722001946452, "global_accuracy": 0.8571, "cluster_win_rates": [0.0546, 0.8344, 0.111], "cluster_assignments": {"0": [0, 1, 2, 3, 6, 7, 8, 11, 16, 18, 19, 20, 21, 22, 23, 24, 25, 26, 27, 28, 29], "1": [4, 5, 9], "2": [10, 12, 13, 14, 15, 17]}}, "55": {"selected_clients": [20, 2, 3, 26, 22, 6, 23, 21, 25, 29, 9, 13, 12, 15], "average_acc_selected": 89.09807943990505, "average_acc_all": 89.09807943990505, "global_accuracy": 0.8567, "cluster_win_rates": [0.0509, 0.837, 0.1121], "cluster_assignments": {"0": [0, 1, 2, 3, 6, 7, 8, 11, 16, 18, 19, 20, 21, 22, 23, 24, 25, 26, 27, 28, 29], "1": [4, 5, 9], "2": [10, 12, 13, 14, 15, 17]}}, "56": {"selected_clients": [26, 11, 18, 23, 0, 28, 24, 20, 19, 8, 9, 12, 15, 10], "average_acc_selected": 87.3678108229733, "average_acc_all": 87.3678108229733, "global_accuracy": 0.8532, "cluster_win_rates": [0.0442, 0.8413, 0.1145], "cluster_assignments": {"0": [0, 1, 2, 3, 6, 7, 8, 11, 16, 18, 19, 20, 21, 22, 23, 24, 25, 26, 27, 28, 29], "1": [4, 5, 9], "2": [10, 12, 13, 14, 15, 17]}}, "57": {"selected_clients": [28, 16, 8, 20, 27, 21, 0, 3, 7, 11, 9, 14, 17, 10], "average_acc_selected": 87.43840106384043, "average_acc_all": 87.43840106384043, "global_accuracy": 0.8559, "cluster_win_rates": [0.0513, 0.8375, 0.1112], "cluster_assignments": {"0": [0, 1, 2, 3, 6, 7, 8, 11, 16, 18, 19, 20, 21, 22, 23, 24, 25, 26, 27, 28, 29], "1": [4, 5, 9], "2": [10, 12, 13, 14, 15, 17]}}, "58": {"selected_clients": [1, 29, 25, 22, 7, 23, 26, 6, 8, 3, 4, 13, 14, 12], "average_acc_selected": 89.19715685360727, "average_acc_all": 89.19715685360727, "global_accuracy": 0.8557, "cluster_win_rates": [0.0569, 0.8286, 0.1145], "cluster_assignments": {"0": [0, 1, 2, 3, 6, 7, 8, 11, 16, 18, 19, 20, 21, 22, 23, 24, 25, 26, 27, 28, 29], "1": [4, 5, 9], "2": [10, 12, 13, 14, 15, 17]}}, "59": {"selected_clients": [28, 21, 25, 11, 26, 18, 27, 19, 1, 22, 5, 10, 14, 12], "average_acc_selected": 87.06971453730975, "average_acc_all": 87.36708645459755, "global_accuracy": 0.8523, "cluster_win_rates": [0.0474, 0.8343, 0.1183], "cluster_assignments": {"0": [0, 1, 2, 3, 6, 7, 8, 11, 16, 18, 19, 20, 21, 22, 23, 24, 25, 26, 27, 28, 29], "1": [4, 5, 9], "2": [10, 12, 13, 14, 15, 17]}}}, "similarity_logs": {"6": [[1.000000238418579, 1.000000238418579, 1.000000238418579, 1.000000238418579, 0.9059052467346191, 0.9030396938323975, 1.000000238418579, 1.000000238418579, 1.000000238418579, 0.9175590872764587, 0.8886775374412537, 1.000000238418579, 0.8869368433952332, 0.8779460191726685, 0.8929321765899658, 0.9017219543457031, 1.000000238418579, 0.9069865345954895, 1.000000238418579, 1.000000238418579, 0.9076899290084839, 0.8951200246810913, 0.8928402662277222, 1.000000238418579, 0.9255139231681824, 0.911257803440094, 1.000000238418579, 0.907768964767456, 1.000000238418579, 1.000000238418579], [1.000000238418579, 1.000000238418579, 1.000000238418579, 1.000000238418579, 0.9059052467346191, 0.9030396938323975, 1.000000238418579, 1.000000238418579, 1.000000238418579, 0.9175590872764587, 0.8886775374412537, 1.000000238418579, 0.8869368433952332, 0.8779460191726685, 0.8929321765899658, 0.9017219543457031, 1.000000238418579, 0.9069865345954895, 1.000000238418579, 1.000000238418579, 0.9076899290084839, 0.8951200246810913, 0.8928402662277222, 1.000000238418579, 0.9255139231681824, 0.911257803440094, 1.000000238418579, 0.907768964767456, 1.000000238418579, 1.000000238418579], [1.000000238418579, 1.000000238418579, 1.000000238418579, 1.000000238418579, 0.9059052467346191, 0.9030396938323975, 1.000000238418579, 1.000000238418579, 1.000000238418579, 0.9175590872764587, 0.8886775374412537, 1.000000238418579, 0.8869368433952332, 0.8779460191726685, 0.8929321765899658, 0.9017219543457031, 1.000000238418579, 0.9069865345954895, 1.000000238418579, 1.000000238418579, 0.9076899290084839, 0.8951200246810913, 0.8928402662277222, 1.000000238418579, 0.9255139231681824, 0.911257803440094, 1.000000238418579, 0.907768964767456, 1.000000238418579, 1.000000238418579], [1.000000238418579, 1.000000238418579, 1.000000238418579, 1.000000238418579, 0.9059052467346191, 0.9030396938323975, 1.000000238418579, 1.000000238418579, 1.000000238418579, 0.9175590872764587, 0.8886775374412537, 1.000000238418579, 0.8869368433952332, 0.8779460191726685, 0.8929321765899658, 0.9017219543457031, 1.000000238418579, 0.9069865345954895, 1.000000238418579, 1.000000238418579, 0.9076899290084839, 0.8951200246810913, 0.8928402662277222, 1.000000238418579, 0.9255139231681824, 0.911257803440094, 1.000000238418579, 0.907768964767456, 1.000000238418579, 1.000000238418579], [0.9059052467346191, 0.9059052467346191, 0.9059052467346191, 0.9059052467346191, 1.0, 0.903058648109436, 0.9059052467346191, 0.9059052467346191, 0.9059052467346191, 0.9015331864356995, 0.8092283606529236, 0.9059052467346191, 0.8006020784378052, 0.7845922708511353, 0.8120604753494263, 0.8167617321014404, 0.9059052467346191, 0.8146272897720337, 0.9059052467346191, 0.9059052467346191, 0.7976186275482178, 0.7806044220924377, 0.7774507403373718, 0.9059052467346191, 0.8155503869056702, 0.8075453639030457, 0.9059052467346191, 0.7951554656028748, 0.9059052467346191, 0.9059052467346191], [0.9030396938323975, 0.9030396938323975, 0.9030396938323975, 0.9030396938323975, 0.903058648109436, 0.9999998807907104, 0.9030396938323975, 0.9030396938323975, 0.9030396938323975, 0.9060302376747131, 0.7923976182937622, 0.9030396938323975, 0.7896641492843628, 0.7749060988426208, 0.7942037582397461, 0.8015616536140442, 0.9030396938323975, 0.8028326630592346, 0.9030396938323975, 0.9030396938323975, 0.7953997850418091, 0.7840030193328857, 0.7784826159477234, 0.9030396938323975, 0.8163073062896729, 0.8055770993232727, 0.9030396938323975, 0.7955906987190247, 0.9030396938323975, 0.9030396938323975], [1.000000238418579, 1.000000238418579, 1.000000238418579, 1.000000238418579, 0.9059052467346191, 0.9030396938323975, 1.000000238418579, 1.000000238418579, 1.000000238418579, 0.9175590872764587, 0.8886775374412537, 1.000000238418579, 0.8869368433952332, 0.8779460191726685, 0.8929321765899658, 0.9017219543457031, 1.000000238418579, 0.9069865345954895, 1.000000238418579, 1.000000238418579, 0.9076899290084839, 0.8951200246810913, 0.8928402662277222, 1.000000238418579, 0.9255139231681824, 0.911257803440094, 1.000000238418579, 0.907768964767456, 1.000000238418579, 1.000000238418579], [1.000000238418579, 1.000000238418579, 1.000000238418579, 1.000000238418579, 0.9059052467346191, 0.9030396938323975, 1.000000238418579, 1.000000238418579, 1.000000238418579, 0.9175590872764587, 0.8886775374412537, 1.000000238418579, 0.8869368433952332, 0.8779460191726685, 0.8929321765899658, 0.9017219543457031, 1.000000238418579, 0.9069865345954895, 1.000000238418579, 1.000000238418579, 0.9076899290084839, 0.8951200246810913, 0.8928402662277222, 1.000000238418579, 0.9255139231681824, 0.911257803440094, 1.000000238418579, 0.907768964767456, 1.000000238418579, 1.000000238418579], [1.000000238418579, 1.000000238418579, 1.000000238418579, 1.000000238418579, 0.9059052467346191, 0.9030396938323975, 1.000000238418579, 1.000000238418579, 1.000000238418579, 0.9175590872764587, 0.8886775374412537, 1.000000238418579, 0.8869368433952332, 0.8779460191726685, 0.8929321765899658, 0.9017219543457031, 1.000000238418579, 0.9069865345954895, 1.000000238418579, 1.000000238418579, 0.9076899290084839, 0.8951200246810913, 0.8928402662277222, 1.000000238418579, 0.9255139231681824, 0.911257803440094, 1.000000238418579, 0.907768964767456, 1.000000238418579, 1.000000238418579], [0.9175590872764587, 0.9175590872764587, 0.9175590872764587, 0.9175590872764587, 0.9015331864356995, 0.9060302376747131, 0.9175590872764587, 0.9175590872764587, 0.9175590872764587, 1.000000238418579, 0.8072212934494019, 0.9175590872764587, 0.8068604469299316, 0.7893816232681274, 0.8145393133163452, 0.8281745314598083, 0.9175590872764587, 0.8225707411766052, 0.9175590872764587, 0.9175590872764587, 0.8031015992164612, 0.7936047315597534, 0.7920630574226379, 0.9175590872764587, 0.8257369995117188, 0.816107988357544, 0.9175590872764587, 0.8081905245780945, 0.9175590872764587, 0.9175590872764587], [0.8886775374412537, 0.8886775374412537, 0.8886775374412537, 0.8886775374412537, 0.8092283606529236, 0.7923976182937622, 0.8886775374412537, 0.8886775374412537, 0.8886775374412537, 0.8072212934494019, 1.0000001192092896, 0.8886775374412537, 0.8946652412414551, 0.888937771320343, 0.9035856127738953, 0.8919348120689392, 0.8886775374412537, 0.9021977782249451, 0.8886775374412537, 0.8886775374412537, 0.7955767512321472, 0.7749043703079224, 0.7720036506652832, 0.8886775374412537, 0.811280369758606, 0.7950865030288696, 0.8886775374412537, 0.787267804145813, 0.8886775374412537, 0.8886775374412537], [1.000000238418579, 1.000000238418579, 1.000000238418579, 1.000000238418579, 0.9059052467346191, 0.9030396938323975, 1.000000238418579, 1.000000238418579, 1.000000238418579, 0.9175590872764587, 0.8886775374412537, 1.000000238418579, 0.8869368433952332, 0.8779460191726685, 0.8929321765899658, 0.9017219543457031, 1.000000238418579, 0.9069865345954895, 1.000000238418579, 1.000000238418579, 0.9076899290084839, 0.8951200246810913, 0.8928402662277222, 1.000000238418579, 0.9255139231681824, 0.911257803440094, 1.000000238418579, 0.907768964767456, 1.000000238418579, 1.000000238418579], [0.8869368433952332, 0.8869368433952332, 0.8869368433952332, 0.8869368433952332, 0.8006020784378052, 0.7896641492843628, 0.8869368433952332, 0.8869368433952332, 0.8869368433952332, 0.8068604469299316, 0.8946652412414551, 0.8869368433952332, 1.0, 0.8906422853469849, 0.9024256467819214, 0.892802357673645, 0.8869368433952332, 0.9032073616981506, 0.8869368433952332, 0.8869368433952332, 0.7947705388069153, 0.7791442275047302, 0.7785815000534058, 0.8869368433952332, 0.8120807409286499, 0.7953581213951111, 0.8869368433952332, 0.7970491647720337, 0.8869368433952332, 0.8869368433952332], [0.8779460191726685, 0.8779460191726685, 0.8779460191726685, 0.8779460191726685, 0.7845922708511353, 0.7749060988426208, 0.8779460191726685, 0.8779460191726685, 0.8779460191726685, 0.7893816232681274, 0.888937771320343, 0.8779460191726685, 0.8906422853469849, 0.9999997019767761, 0.8953177332878113, 0.8889954090118408, 0.8779460191726685, 0.8953522443771362, 0.8779460191726685, 0.8779460191726685, 0.7923983931541443, 0.7759195566177368, 0.7683759331703186, 0.8779460191726685, 0.8084388375282288, 0.7942624092102051, 0.8779460191726685, 0.7859972715377808, 0.8779460191726685, 0.8779460191726685], [0.8929321765899658, 0.8929321765899658, 0.8929321765899658, 0.8929321765899658, 0.8120604753494263, 0.7942037582397461, 0.8929321765899658, 0.8929321765899658, 0.8929321765899658, 0.8145393133163452, 0.9035856127738953, 0.8929321765899658, 0.9024256467819214, 0.8953177332878113, 1.0000001192092896, 0.9019430875778198, 0.8929321765899658, 0.910403847694397, 0.8929321765899658, 0.8929321765899658, 0.7902577519416809, 0.7727925777435303, 0.7707982063293457, 0.8929321765899658, 0.8108412027359009, 0.7939335703849792, 0.8929321765899658, 0.7876352667808533, 0.8929321765899658, 0.8929321765899658], [0.9017219543457031, 0.9017219543457031, 0.9017219543457031, 0.9017219543457031, 0.8167617321014404, 0.8015616536140442, 0.9017219543457031, 0.9017219543457031, 0.9017219543457031, 0.8281745314598083, 0.8919348120689392, 0.9017219543457031, 0.892802357673645, 0.8889954090118408, 0.9019430875778198, 1.0000001192092896, 0.9017219543457031, 0.9026390314102173, 0.9017219543457031, 0.9017219543457031, 0.8064360022544861, 0.793796956539154, 0.7909967303276062, 0.9017219543457031, 0.8293483853340149, 0.8121763467788696, 0.9017219543457031, 0.8062400221824646, 0.9017219543457031, 0.9017219543457031], [1.000000238418579, 1.000000238418579, 1.000000238418579, 1.000000238418579, 0.9059052467346191, 0.9030396938323975, 1.000000238418579, 1.000000238418579, 1.000000238418579, 0.9175590872764587, 0.8886775374412537, 1.000000238418579, 0.8869368433952332, 0.8779460191726685, 0.8929321765899658, 0.9017219543457031, 1.000000238418579, 0.9069865345954895, 1.000000238418579, 1.000000238418579, 0.9076899290084839, 0.8951200246810913, 0.8928402662277222, 1.000000238418579, 0.9255139231681824, 0.911257803440094, 1.000000238418579, 0.907768964767456, 1.000000238418579, 1.000000238418579], [0.9069865345954895, 0.9069865345954895, 0.9069865345954895, 0.9069865345954895, 0.8146272897720337, 0.8028326630592346, 0.9069865345954895, 0.9069865345954895, 0.9069865345954895, 0.8225707411766052, 0.9021977782249451, 0.9069865345954895, 0.9032073616981506, 0.8953522443771362, 0.910403847694397, 0.9026390314102173, 0.9069865345954895, 1.0000001192092896, 0.9069865345954895, 0.9069865345954895, 0.8157691359519958, 0.7988452315330505, 0.7971637845039368, 0.9069865345954895, 0.8341979384422302, 0.8189178109169006, 0.9069865345954895, 0.8150003552436829, 0.9069865345954895, 0.9069865345954895], [1.000000238418579, 1.000000238418579, 1.000000238418579, 1.000000238418579, 0.9059052467346191, 0.9030396938323975, 1.000000238418579, 1.000000238418579, 1.000000238418579, 0.9175590872764587, 0.8886775374412537, 1.000000238418579, 0.8869368433952332, 0.8779460191726685, 0.8929321765899658, 0.9017219543457031, 1.000000238418579, 0.9069865345954895, 1.000000238418579, 1.000000238418579, 0.9076899290084839, 0.8951200246810913, 0.8928402662277222, 1.000000238418579, 0.9255139231681824, 0.911257803440094, 1.000000238418579, 0.907768964767456, 1.000000238418579, 1.000000238418579], [1.000000238418579, 1.000000238418579, 1.000000238418579, 1.000000238418579, 0.9059052467346191, 0.9030396938323975, 1.000000238418579, 1.000000238418579, 1.000000238418579, 0.9175590872764587, 0.8886775374412537, 1.000000238418579, 0.8869368433952332, 0.8779460191726685, 0.8929321765899658, 0.9017219543457031, 1.000000238418579, 0.9069865345954895, 1.000000238418579, 1.000000238418579, 0.9076899290084839, 0.8951200246810913, 0.8928402662277222, 1.000000238418579, 0.9255139231681824, 0.911257803440094, 1.000000238418579, 0.907768964767456, 1.000000238418579, 1.000000238418579], [0.9076899290084839, 0.9076899290084839, 0.9076899290084839, 0.9076899290084839, 0.7976186275482178, 0.7953997850418091, 0.9076899290084839, 0.9076899290084839, 0.9076899290084839, 0.8031015992164612, 0.7955767512321472, 0.9076899290084839, 0.7947705388069153, 0.7923983931541443, 0.7902577519416809, 0.8064360022544861, 0.9076899290084839, 0.8157691359519958, 0.9076899290084839, 0.9076899290084839, 0.9999998211860657, 0.8998939394950867, 0.8996773958206177, 0.9076899290084839, 0.9089270830154419, 0.9106844663619995, 0.9076899290084839, 0.9038832783699036, 0.9076899290084839, 0.9076899290084839], [0.8951200246810913, 0.8951200246810913, 0.8951200246810913, 0.8951200246810913, 0.7806044220924377, 0.7840030193328857, 0.8951200246810913, 0.8951200246810913, 0.8951200246810913, 0.7936047315597534, 0.7749043703079224, 0.8951200246810913, 0.7791442275047302, 0.7759195566177368, 0.7727925777435303, 0.793796956539154, 0.8951200246810913, 0.7988452315330505, 0.8951200246810913, 0.8951200246810913, 0.8998939394950867, 1.0, 0.8983447551727295, 0.8951200246810913, 0.896515429019928, 0.8975862264633179, 0.8951200246810913, 0.9000914692878723, 0.8951200246810913, 0.8951200246810913], [0.8928402662277222, 0.8928402662277222, 0.8928402662277222, 0.8928402662277222, 0.7774507403373718, 0.7784826159477234, 0.8928402662277222, 0.8928402662277222, 0.8928402662277222, 0.7920630574226379, 0.7720036506652832, 0.8928402662277222, 0.7785815000534058, 0.7683759331703186, 0.7707982063293457, 0.7909967303276062, 0.8928402662277222, 0.7971637845039368, 0.8928402662277222, 0.8928402662277222, 0.8996773958206177, 0.8983447551727295, 0.9999995827674866, 0.8928402662277222, 0.8971381187438965, 0.9014813303947449, 0.8928402662277222, 0.9003280401229858, 0.8928402662277222, 0.8928402662277222], [1.000000238418579, 1.000000238418579, 1.000000238418579, 1.000000238418579, 0.9059052467346191, 0.9030396938323975, 1.000000238418579, 1.000000238418579, 1.000000238418579, 0.9175590872764587, 0.8886775374412537, 1.000000238418579, 0.8869368433952332, 0.8779460191726685, 0.8929321765899658, 0.9017219543457031, 1.000000238418579, 0.9069865345954895, 1.000000238418579, 1.000000238418579, 0.9076899290084839, 0.8951200246810913, 0.8928402662277222, 1.000000238418579, 0.9255139231681824, 0.911257803440094, 1.000000238418579, 0.907768964767456, 1.000000238418579, 1.000000238418579], [0.9255139231681824, 0.9255139231681824, 0.9255139231681824, 0.9255139231681824, 0.8155503869056702, 0.8163073062896729, 0.9255139231681824, 0.9255139231681824, 0.9255139231681824, 0.8257369995117188, 0.811280369758606, 0.9255139231681824, 0.8120807409286499, 0.8084388375282288, 0.8108412027359009, 0.8293483853340149, 0.9255139231681824, 0.8341979384422302, 0.9255139231681824, 0.9255139231681824, 0.9089270830154419, 0.896515429019928, 0.8971381187438965, 0.9255139231681824, 1.000000238418579, 0.9029316306114197, 0.9255139231681824, 0.904557466506958, 0.9255139231681824, 0.9255139231681824], [0.911257803440094, 0.911257803440094, 0.911257803440094, 0.911257803440094, 0.8075453639030457, 0.8055770993232727, 0.911257803440094, 0.911257803440094, 0.911257803440094, 0.816107988357544, 0.7950865030288696, 0.911257803440094, 0.7953581213951111, 0.7942624092102051, 0.7939335703849792, 0.8121763467788696, 0.911257803440094, 0.8189178109169006, 0.911257803440094, 0.911257803440094, 0.9106844663619995, 0.8975862264633179, 0.9014813303947449, 0.911257803440094, 0.9029316306114197, 0.9999996423721313, 0.911257803440094, 0.9034634828567505, 0.911257803440094, 0.911257803440094], [1.000000238418579, 1.000000238418579, 1.000000238418579, 1.000000238418579, 0.9059052467346191, 0.9030396938323975, 1.000000238418579, 1.000000238418579, 1.000000238418579, 0.9175590872764587, 0.8886775374412537, 1.000000238418579, 0.8869368433952332, 0.8779460191726685, 0.8929321765899658, 0.9017219543457031, 1.000000238418579, 0.9069865345954895, 1.000000238418579, 1.000000238418579, 0.9076899290084839, 0.8951200246810913, 0.8928402662277222, 1.000000238418579, 0.9255139231681824, 0.911257803440094, 1.000000238418579, 0.907768964767456, 1.000000238418579, 1.000000238418579], [0.907768964767456, 0.907768964767456, 0.907768964767456, 0.907768964767456, 0.7951554656028748, 0.7955906987190247, 0.907768964767456, 0.907768964767456, 0.907768964767456, 0.8081905245780945, 0.787267804145813, 0.907768964767456, 0.7970491647720337, 0.7859972715377808, 0.7876352667808533, 0.8062400221824646, 0.907768964767456, 0.8150003552436829, 0.907768964767456, 0.907768964767456, 0.9038832783699036, 0.9000914692878723, 0.9003280401229858, 0.907768964767456, 0.904557466506958, 0.9034634828567505, 0.907768964767456, 1.000000238418579, 0.907768964767456, 0.907768964767456], [1.000000238418579, 1.000000238418579, 1.000000238418579, 1.0000002384