{"logs": {"0": {"selected_clients": [19, 13, 24, 31, 7, 6, 35, 9, 20, 37, 10, 32, 14, 8, 12, 5, 36, 28, 39, 29, 22, 26, 33, 15, 1, 25, 11, 34, 18, 3, 38, 23, 30, 2, 27, 17, 16, 21, 0, 4], "average_acc_selected": 3.7268168808228532, "average_acc_all": 3.7268168808228532, "global_accuracy": 0.0326, "cluster_win_rates": [1.0], "cluster_assignments": {"0": [0, 1, 2, 3, 4, 5, 6, 7, 8, 9, 10, 11, 12, 13, 14, 15, 16, 17, 18, 19, 20, 21, 22, 23, 24, 25, 26, 27, 28, 29, 30, 31, 32, 33, 34, 35, 36, 37, 38, 39]}}, "1": {"selected_clients": [31, 15, 1, 24, 16, 9, 30, 0, 39, 11, 23, 5, 4, 28, 12, 13, 17, 6, 35, 18, 36, 14, 2, 19, 22, 37, 7, 33, 27, 10, 8, 38, 21, 26, 29, 25, 34, 3, 32, 20], "average_acc_selected": 4.0899747755596945, "average_acc_all": 4.0899747755596945, "global_accuracy": 0.0326, "cluster_win_rates": [1.0], "cluster_assignments": {"0": [0, 1, 2, 3, 4, 5, 6, 7, 8, 9, 10, 11, 12, 13, 14, 15, 16, 17, 18, 19, 20, 21, 22, 23, 24, 25, 26, 27, 28, 29, 30, 31, 32, 33, 34, 35, 36, 37, 38, 39]}}, "2": {"selected_clients": [38, 24, 7, 10, 2, 18, 3, 29, 23, 15, 35, 32, 27, 21, 26, 34, 1, 30, 36, 25, 20, 11, 12, 6, 37, 4, 9, 22, 19, 0, 8, 13, 5, 33, 17, 31, 28, 14, 39, 16], "average_acc_selected": 4.362801296442531, "average_acc_all": 4.362801296442531, "global_accuracy": 0.0431, "cluster_win_rates": [1.0], "cluster_assignments": {"0": [0, 1, 2, 3, 4, 5, 6, 7, 8, 9, 10, 11, 12, 13, 14, 15, 16, 17, 18, 19, 20, 21, 22, 23, 24, 25, 26, 27, 28, 29, 30, 31, 32, 33, 34, 35, 36, 37, 38, 39]}}, "3": {"selected_clients": [25, 36, 13, 7, 0, 19, 34, 4, 8, 18, 39, 6, 38, 29, 10, 14, 22, 28, 9, 24, 2, 11, 1, 23, 15, 12, 37, 32, 3, 16, 5, 21, 20, 30, 27, 33, 31, 26, 17, 35], "average_acc_selected": 4.261888541582407, "average_acc_all": 4.261888541582407, "global_accuracy": 0.0431, "cluster_win_rates": [1.0], "cluster_assignments": {"0": [0, 1, 2, 3, 4, 5, 6, 7, 8, 9, 10, 11, 12, 13, 14, 15, 16, 17, 18, 19, 20, 21, 22, 23, 24, 25, 26, 27, 28, 29, 30, 31, 32, 33, 34, 35, 36, 37, 38, 39]}}, "4": {"selected_clients": [21, 14, 24, 5, 15, 29, 10, 17, 13, 22, 28, 4, 36, 35, 18, 12, 34, 0, 2, 3, 8, 27, 37, 16, 19, 38, 39, 33, 32, 20, 25, 11, 9, 1, 23, 26, 7, 30, 31, 6], "average_acc_selected": 4.466138443658396, "average_acc_all": 4.466138443658396, "global_accuracy": 0.0411, "cluster_win_rates": [1.0], "cluster_assignments": {"0": [0, 1, 2, 3, 4, 5, 6, 7, 8, 9, 10, 11, 12, 13, 14, 15, 16, 17, 18, 19, 20, 21, 22, 23, 24, 25, 26, 27, 28, 29, 30, 31, 32, 33, 34, 35, 36, 37, 38, 39]}}, "5": {"selected_clients": [29, 3, 9, 4, 36, 25, 35, 38, 30, 17, 37, 27, 39, 32, 20, 10, 8, 28, 13, 34, 16, 12, 21, 15, 22, 7, 2, 18, 0, 24, 26, 31, 1, 5, 14, 33, 23, 6, 11, 19], "average_acc_selected": 5.039442394499045, "average_acc_all": 5.039442394499045, "global_accuracy": 0.0513, "cluster_win_rates": [1.0], "cluster_assignments": {"0": [0, 1, 2, 3, 4, 5, 6, 7, 8, 9, 10, 11, 12, 13, 14, 15, 16, 17, 18, 19, 20, 21, 22, 23, 24, 25, 26, 27, 28, 29, 30, 31, 32, 33, 34, 35, 36, 37, 38, 39]}}, "6": {"selected_clients": [20, 19, 6, 18, 31, 38, 35, 25, 22, 23, 16, 28, 14, 4, 1, 30, 32, 8, 39, 7, 15, 10, 27, 33, 36, 21, 29, 11, 12, 26, 34, 3, 17, 0, 5, 13, 2, 24, 37, 9], "average_acc_selected": 5.9041418821767095, "average_acc_all": 5.9041418821767095, "global_accuracy": 0.0513, "cluster_win_rates": [0.0368, 0.688, 0.2752], "cluster_assignments": {"0": [0, 1, 2, 3, 4, 5, 6, 7, 8, 9, 10, 11, 12, 39], "1": [26, 27, 28, 29, 30, 31, 32, 33, 34, 35, 36, 37, 38], "2": [13, 14, 15, 16, 17, 18, 19, 20, 21, 22, 23, 24, 25]}}, "7": {"selected_clients": [6, 39, 9, 4, 0, 5, 3, 1, 12, 11, 2, 10, 7, 8, 30, 37, 35, 38, 34, 28, 27, 26, 33, 31, 29, 36, 32, 14, 16, 13, 25, 19, 18, 15, 22, 20, 17, 24, 21, 23], "average_acc_selected": 6.003264689194253, "average_acc_all": 6.003264689194253, "global_accuracy": 0.0513, "cluster_win_rates": [0.289, 0.092, 0.619], "cluster_assignments": {"0": [0, 1, 2, 3, 4, 5, 6, 7, 8, 9, 10, 11, 12, 39], "1": [26, 27, 28, 29, 30, 31, 32, 33, 34, 35, 36, 37, 38], "2": [13, 14, 15, 16, 17, 18, 19, 20, 21, 22, 23, 24, 25]}}, "8": {"selected_clients": [11, 3, 2, 4, 1, 5, 12, 6, 39, 0, 9, 10, 8, 7, 28, 29, 33, 30, 31, 34, 35, 36, 37, 26, 27, 32, 38, 25, 16, 24, 13, 17, 23, 14, 20, 19, 22, 18, 15, 21], "average_acc_selected": 6.002398888328452, "average_acc_all": 6.002398888328452, "global_accuracy": 0.0558, "cluster_win_rates": [0.3675, 0.2132, 0.4193], "cluster_assignments": {"0": [0, 1, 2, 3, 4, 5, 6, 7, 8, 9, 10, 11, 12, 39], "1": [26, 27, 28, 29, 30, 31, 32, 33, 34, 35, 36, 37, 38], "2": [13, 14, 15, 16, 17, 18, 19, 20, 21, 22, 23, 24, 25]}}, "9": {"selected_clients": [5, 4, 7, 11, 9, 2, 6, 10, 0, 39, 12, 1, 3, 8, 33, 26, 31, 32, 36, 28, 30, 34, 35, 38, 27, 29, 37, 24, 13, 19, 23, 15, 18, 14, 20, 16, 25, 21, 17, 22], "average_acc_selected": 7.700581873964696, "average_acc_all": 7.700581873964696, "global_accuracy": 0.1027, "cluster_win_rates": [0.1484, 0.1383, 0.7133], "cluster_assignments": {"0": [13, 14, 15, 16, 17, 18, 19, 20, 21, 22, 23, 24, 25], "1": [26, 27, 28, 29, 30, 31, 32, 33, 34, 35, 36, 37, 38], "2": [0, 1, 2, 3, 4, 5, 6, 7, 8, 9, 10, 11, 12, 39]}}, "10": {"selected_clients": [16, 20, 18, 13, 23, 19, 22, 21, 25, 14, 17, 15, 24, 27, 33, 36, 32, 37, 34, 28, 38, 35, 31, 26, 30, 29, 7, 5, 3, 6, 12, 9, 1, 8, 10, 39, 4, 2, 0, 11], "average_acc_selected": 10.019084980625696, "average_acc_all": 10.019084980625696, "global_accuracy": 0.1064, "cluster_win_rates": [0.194, 0.1158, 0.6902], "cluster_assignments": {"0": [13, 14, 15, 16, 17, 18, 19, 20, 21, 22, 23, 24, 25], "1": [26, 27, 28, 29, 30, 31, 32, 33, 34, 35, 36, 37, 38], "2": [0, 1, 2, 3, 4, 5, 6, 7, 8, 9, 10, 11, 12, 39]}}, "11": {"selected_clients": [17, 18, 24, 25, 22, 15, 23, 16, 19, 13, 21, 14, 20, 34, 28, 27, 29, 30, 36, 32, 35, 26, 31, 33, 38, 37, 39, 11, 3, 4, 7, 2, 9, 5, 6, 8, 10, 12, 0, 1], "average_acc_selected": 12.312474808683717, "average_acc_all": 12.312474808683717, "global_accuracy": 0.1203, "cluster_win_rates": [0.2267, 0.1099, 0.6634], "cluster_assignments": {"0": [13, 14, 15, 16, 17, 18, 19, 20, 21, 22, 23, 24, 25], "1": [26, 27, 28, 29, 30, 31, 32, 33, 34, 35, 36, 37, 38], "2": [0, 1, 2, 3, 4, 5, 6, 7, 8, 9, 10, 11, 12, 39]}}, "12": {"selected_clients": [22, 17, 19, 21, 14, 15, 24, 16, 13, 25, 18, 20, 23, 37, 36, 28, 29, 30, 35, 34, 31, 32, 27, 26, 38, 33, 4, 10, 2, 8, 0, 6, 11, 5, 3, 12, 7, 9, 39, 1], "average_acc_selected": 13.767208181076295, "average_acc_all": 13.767208181076295, "global_accuracy": 0.1317, "cluster_win_rates": [0.1467, 0.174, 0.6793], "cluster_assignments": {"0": [26, 27, 28, 29, 30, 31, 32, 33, 34, 35, 36, 37, 38], "1": [13, 14, 15, 16, 17, 18, 19, 20, 21, 22, 23, 24, 25], "2": [0, 1, 2, 3, 4, 5, 6, 7, 8, 9, 10, 11, 12, 39]}}, "13": {"selected_clients": [33, 32, 35, 38, 34, 26, 30, 27, 31, 29, 37, 28, 36, 17, 16, 13, 24, 20, 18, 19, 21, 22, 23, 14, 25, 15, 5, 0, 12, 11, 2, 7, 3, 4, 8, 39, 6, 10, 9, 1], "average_acc_selected": 14.658345291284679, "average_acc_all": 14.658345291284679, "global_accuracy": 0.1446, "cluster_win_rates": [0.2273, 0.2009, 0.5718], "cluster_assignments": {"0": [26, 27, 28, 29, 30, 31, 32, 33, 34, 35, 36, 37, 38], "1": [13, 14, 15, 16, 17, 18, 19, 20, 21, 22, 23, 24, 25], "2": [0, 1, 2, 3, 4, 5, 6, 7, 8, 9, 10, 11, 12, 39]}}, "14": {"selected_clients": [32, 36, 33, 31, 38, 35, 29, 26, 30, 34, 27, 37, 28, 23, 25, 19, 24, 15, 13, 17, 14, 20, 16, 21, 22, 18, 3, 11, 10, 7, 0, 6, 1, 12, 8, 9, 2, 4, 5, 39], "average_acc_selected": 15.322444793389986, "average_acc_all": 15.322444793389986, "global_accuracy": 0.1504, "cluster_win_rates": [0.1878, 0.2276, 0.5846], "cluster_assignments": {"0": [26, 27, 28, 29, 30, 31, 32, 33, 34, 35, 36, 37, 38], "1": [13, 14, 15, 16, 17, 18, 19, 20, 21, 22, 23, 24, 25], "2": [0, 1, 2, 3, 4, 5, 6, 7, 8, 9, 10, 11, 12, 39]}}, "15": {"selected_clients": [27, 38, 33, 37, 31, 36, 34, 28, 30, 32, 29, 35, 26, 23, 24, 15, 19, 22, 21, 17, 20, 16, 18, 14, 13, 25, 1, 4, 11, 9, 39, 12, 3, 6, 0, 7, 5, 10, 8, 2], "average_acc_selected": 16.350904701102838, "average_acc_all": 16.350904701102838, "global_accuracy": 0.1643, "cluster_win_rates": [0.2033, 0.2589, 0.5378], "cluster_assignments": {"0": [26, 27, 28, 29, 30, 31, 32, 33, 34, 35, 36, 37, 38], "1": [13, 14, 15, 16, 17, 18, 19, 20, 21, 22, 23, 24, 25], "2": [0, 1, 2, 3, 4, 5, 6, 7, 8, 9, 10, 11, 12, 39]}}, "16": {"selected_clients": [38, 26, 32, 34, 27, 35, 33, 31, 30, 28, 37, 36, 29, 16, 23, 15, 14, 20, 17, 24, 21, 25, 13, 19, 18, 22, 6, 11, 3, 12, 9, 1, 0, 5, 8, 10, 7, 4, 2, 39], "average_acc_selected": 18.634354493859433, "average_acc_all": 18.634354493859433, "global_accuracy": 0.1819, "cluster_win_rates": [0.2619, 0.2228, 0.5153], "cluster_assignments": {"0": [26, 27, 28, 29, 30, 31, 32, 33, 34, 35, 36, 37, 38], "1": [13, 14, 15, 16, 17, 18, 19, 20, 21, 22, 23, 24, 25], "2": [0, 1, 2, 3, 4, 5, 6, 7, 8, 9, 10, 11, 12, 39]}}, "17": {"selected_clients": [31, 30, 33, 35, 34, 36, 28, 37, 32, 26, 27, 38, 29, 15, 18, 13, 21, 25, 14, 22, 19, 20, 16, 24, 17, 23, 39, 9, 0, 7, 11, 5, 8, 12, 6, 2, 1, 3, 4, 10], "average_acc_selected": 19.43498118891879, "average_acc_all": 19.43498118891879, "global_accuracy": 0.21, "cluster_win_rates": [0.2594, 0.1682, 0.5724], "cluster_assignments": {"0": [26, 27, 28, 29, 30, 31, 32, 33, 34, 35, 36, 37, 38], "1": [13, 14, 15, 16, 17, 18, 19, 20, 21, 22, 23, 24, 25], "2": [0, 1, 2, 3, 4, 5, 6, 7, 8, 9, 10, 11, 12, 39]}}, "18": {"selected_clients": [38, 35, 32, 27, 31, 28, 29, 34, 26, 37, 30, 36, 33, 14, 18, 24, 23, 15, 20, 22, 25, 16, 19, 13, 21, 17, 6, 11, 39, 12, 7, 2, 0, 1, 10, 8, 9, 5, 4, 3], "average_acc_selected": 21.423106702598247, "average_acc_all": 21.423106702598247, "global_accuracy": 0.237, "cluster_win_rates": [0.2317, 0.156, 0.6123], "cluster_assignments": {"0": [26, 27, 28, 29, 30, 31, 32, 33, 34, 35, 36, 37, 38], "1": [13, 14, 15, 16, 17, 18, 19, 20, 21, 22, 23, 24, 25], "2": [0, 1, 2, 3, 4, 5, 6, 7, 8, 9, 10, 11, 12, 39]}}, "19": {"selected_clients": [36, 26, 34, 35, 31, 32, 27, 29, 30, 37, 28, 38, 33, 24, 18, 14, 16, 20, 15, 19, 22, 21, 23, 25, 17, 13, 39, 9, 2, 12, 5, 3, 10, 4, 1, 6, 7, 8, 11, 0], "average_acc_selected": 23.013894033261117, "average_acc_all": 23.013894033261117, "global_accuracy": 0.2533, "cluster_win_rates": [0.2712, 0.1407, 0.5881], "cluster_assignments": {"0": [26, 27, 28, 29, 30, 31, 32, 33, 34, 35, 36, 37, 38], "1": [13, 14, 15, 16, 17, 18, 19, 20, 21, 22, 23, 24, 25], "2": [0, 1, 2, 3, 4, 5, 6, 7, 8, 9, 10, 11, 12, 39]}}, "20": {"selected_clients": [31, 37, 38, 33, 26, 32, 29, 35, 27, 36, 34, 28, 30, 21, 25, 24, 16, 22, 20, 19, 14, 17, 13, 23, 18, 15, 0, 12, 7, 1, 2, 39, 5, 8, 4, 6, 9, 10, 11, 3], "average_acc_selected": 24.512184229225305, "average_acc_all": 24.512184229225305, "global_accuracy": 0.2664, "cluster_win_rates": [0.289, 0.1318, 0.5792], "cluster_assignments": {"0": [26, 27, 28, 29, 30, 31, 32, 33, 34, 35, 36, 37, 38], "1": [13, 14, 15, 16, 17, 18, 19, 20, 21, 22, 23, 24, 25], "2": [0, 1, 2, 3, 4, 5, 6, 7, 8, 9, 10, 11, 12, 39]}}, "21": {"selected_clients": [36, 33, 37, 34, 28, 31, 35, 32, 38, 27, 29, 30, 26, 21, 17, 20, 18, 14, 25, 23, 24, 13, 22, 16, 15, 19, 2, 8, 7, 6, 11, 1, 9, 4, 12, 5, 39, 10, 3, 0], "average_acc_selected": 26.495575675870924, "average_acc_all": 26.495575675870924, "global_accuracy": 0.2684, "cluster_win_rates": [0.2645, 0.5253, 0.2102], "cluster_assignments": {"0": [26, 27, 28, 29, 30, 31, 32, 33, 34, 35, 36, 37, 38], "1": [0, 1, 2, 3, 4, 5, 6, 7, 8, 9, 10, 11, 12, 39], "2": [13, 14, 15, 16, 17, 18, 19, 20, 21, 22, 23, 24, 25]}}, "22": {"selected_clients": [27, 38, 33, 37, 28, 26, 34, 31, 29, 35, 36, 30, 32, 2, 39, 6, 12, 3, 7, 11, 9, 1, 0, 4, 5, 8, 10, 17, 13, 23, 21, 25, 24, 19, 16, 22, 20, 14, 18, 15], "average_acc_selected": 27.983642381596837, "average_acc_all": 27.983642381596837, "global_accuracy": 0.286, "cluster_win_rates": [0.2603, 0.5527, 0.187], "cluster_assignments": {"0": [26, 27, 28, 29, 30, 31, 32, 33, 34, 35, 36, 37, 38], "1": [0, 1, 2, 3, 4, 5, 6, 7, 8, 9, 10, 11, 12, 39], "2": [13, 14, 15, 16, 17, 18, 19, 20, 21, 22, 23, 24, 25]}}, "23": {"selected_clients": [33, 28, 32, 31, 38, 34, 36, 26, 30, 29, 37, 35, 27, 2, 0, 10, 1, 11, 9, 4, 5, 7, 39, 6, 8, 12, 3, 25, 19, 17, 15, 23, 20, 16, 13, 21, 22, 18, 24, 14], "average_acc_selected": 31.542677229954677, "average_acc_all": 31.542677229954677, "global_accuracy": 0.3216, "cluster_win_rates": [0.2782, 0.5416, 0.1802], "cluster_assignments": {"0": [26, 27, 28, 29, 30, 31, 32, 33, 34, 35, 36, 37, 38], "1": [0, 1, 2, 3, 4, 5, 6, 7, 8, 9, 10, 11, 12, 39], "2": [13, 14, 15, 16, 17, 18, 19, 20, 21, 22, 23, 24, 25]}}, "24": {"selected_clients": [28, 31, 38, 37, 32, 36, 35, 29, 33, 26, 30, 34, 27, 10, 5, 6, 2, 12, 0, 4, 11, 3, 7, 9, 8, 39, 1, 22, 17, 21, 13, 14, 19, 15, 25, 20, 24, 16, 18, 23], "average_acc_selected": 33.20048702531261, "average_acc_all": 33.20048702531261, "global_accuracy": 0.3407, "cluster_win_rates": [0.2796, 0.5425, 0.1779], "cluster_assignments": {"0": [26, 27, 28, 29, 30, 31, 32, 33, 34, 35, 36, 37, 38], "1": [0, 1, 2, 3, 4, 5, 6, 7, 8, 9, 10, 11, 12, 39], "2": [13, 14, 15, 16, 17, 18, 19, 20, 21, 22, 23, 24, 25]}}, "25": {"selected_clients": [29, 28, 31, 33, 32, 30, 36, 26, 27, 38, 35, 37, 34, 6, 11, 10, 1, 7, 2, 9, 5, 0, 12, 3, 39, 8, 4, 23, 24, 21, 16, 17, 18, 22, 14, 15, 19, 25, 13, 20], "average_acc_selected": 32.09402569385128, "average_acc_all": 32.09402569385128, "global_accuracy": 0.3779, "cluster_win_rates": [0.1392, 0.6446, 0.2162], "cluster_assignments": {"0": [26, 27, 28, 29, 30, 31, 32, 33, 34, 35, 36, 37, 38], "1": [0, 1, 2, 3, 4, 5, 6, 7, 8, 9, 10, 11, 12, 39], "2": [13, 14, 15, 16, 17, 18, 19, 20, 21, 22, 23, 24, 25]}}, "26": {"selected_clients": [32, 34, 27, 33, 36, 30, 37, 28, 38, 29, 31, 35, 26, 9, 10, 8, 1, 3, 12, 39, 6, 7, 0, 4, 5, 11, 2, 14, 19, 16, 15, 24, 25, 18, 21, 22, 20, 13, 17, 23], "average_acc_selected": 32.62341165876356, "average_acc_all": 32.62341165876356, "global_accuracy": 0.373, "cluster_win_rates": [0.1393, 0.6077, 0.253], "cluster_assignments": {"0": [26, 27, 28, 29, 30, 31, 32, 33, 34, 35, 36, 37, 38], "1": [0, 1, 2, 3, 4, 5, 6, 7, 8, 9, 10, 11, 12, 39], "2": [13, 14, 15, 16, 17, 18, 19, 20, 21, 22, 23, 24, 25]}}, "27": {"selected_clients": [32, 38, 28, 31, 26, 37, 36, 33, 27, 35, 29, 34, 30, 2, 4, 1, 39, 7, 5, 3, 6, 0, 11, 12, 10, 9, 8, 14, 17, 21, 18, 15, 19, 22, 13, 24, 16, 20, 25, 23], "average_acc_selected": 33.427512720358905, "average_acc_all": 33.427512720358905, "global_accuracy": 0.3854, "cluster_win_rates": [0.173, 0.6243, 0.2027], "cluster_assignments": {"0": [26, 27, 28, 29, 30, 31, 32, 33, 34, 35, 36, 37, 38], "1": [0, 1, 2, 3, 4, 5, 6, 7, 8, 9, 10, 11, 12, 39], "2": [13, 14, 15, 16, 17, 18, 19, 20, 21, 22, 23, 24, 25]}}, "28": {"selected_clients": [26, 30, 29, 36, 32, 27, 37, 35, 31, 38, 33, 34, 28, 2, 39, 5, 11, 0, 12, 9, 4, 1, 8, 3, 7, 6, 10, 15, 24, 14, 16, 18, 13, 25, 19, 17, 20, 21, 22, 23], "average_acc_selected": 33.9569456392655, "average_acc_all": 33.9569456392655, "global_accuracy": 0.3886, "cluster_win_rates": [0.1939, 0.6146, 0.1915], "cluster_assignments": {"0": [26, 27, 28, 29, 30, 31, 32, 33, 34, 35, 36, 37, 38], "1": [0, 1, 2, 3, 4, 5, 6, 7, 8, 9, 10, 11, 12, 39], "2": [13, 14, 15, 16, 17, 18, 19, 20, 21, 22, 23, 24, 25]}}, "29": {"selected_clients": [27, 26, 32, 29, 36, 33, 31, 37, 35, 34, 38, 28, 30, 12, 1, 39, 9, 7, 10, 11, 8, 6, 0, 5, 3, 2, 4, 13, 22, 18, 14, 20, 16, 19, 15, 17, 23, 25, 21, 24], "average_acc_selected": 34.35234572484531, "average_acc_all": 34.35234572484531, "global_accuracy": 0.3909, "cluster_win_rates": [0.2095, 0.6119, 0.1786], "cluster_assignments": {"0": [26, 27, 28, 29, 30, 31, 32, 33, 34, 35, 36, 37, 38], "1": [0, 1, 2, 3, 4, 5, 6, 7, 8, 9, 10, 11, 12, 39], "2": [13, 14, 15, 16, 17, 18, 19, 20, 21, 22, 23, 24, 25]}}, "30": {"selected_clients": [31, 35, 30, 27, 32, 34, 38, 37, 28, 36, 29, 26, 33, 39, 3, 12, 7, 8, 11, 0, 10, 1, 9, 5, 2, 6, 4, 17, 15, 20, 18, 13, 25, 23, 19, 24, 14, 22, 16, 21], "average_acc_selected": 34.55016459634839, "average_acc_all": 34.55016459634839, "global_accuracy": 0.3924, "cluster_win_rates": [0.6043, 0.2304, 0.1653], "cluster_assignments": {"0": [0, 1, 2, 3, 4, 5, 6, 7, 8, 9, 10, 11, 12, 39], "1": [26, 27, 28, 29, 30, 31, 32, 33, 34, 35, 36, 37, 38], "2": [13, 14, 15, 16, 17, 18, 19, 20, 21, 22, 23, 24, 25]}}, "31": {"selected_clients": [9, 12, 10, 8, 3, 11, 4, 2, 7, 0, 5, 6, 1, 39, 26, 29, 30, 34, 38, 32, 35, 33, 31, 36, 27, 28, 37, 13, 21, 18, 24, 19, 25, 16, 15, 14, 17, 22, 23, 20], "average_acc_selected": 34.949749245933035, "average_acc_all": 34.949749245933035, "global_accuracy": 0.3957, "cluster_win_rates": [0.6028, 0.2494, 0.1478], "cluster_assignments": {"0": [0, 1, 2, 3, 4, 5, 6, 7, 8, 9, 10, 11, 12, 39], "1": [26, 27, 28, 29, 30, 31, 32, 33, 34, 35, 36, 37, 38], "2": [13, 14, 15, 16, 17, 18, 19, 20, 21, 22, 23, 24, 25]}}, "32": {"selected_clients": [1, 2, 5, 12, 3, 0, 6, 8, 7, 4, 11, 39, 10, 9, 34, 31, 32, 37, 29, 28, 33, 27, 36, 26, 35, 30, 38, 19, 21, 20, 18, 15, 22, 16, 13, 14, 25, 17, 23, 24], "average_acc_selected": 35.580551438425246, "average_acc_all": 35.580551438425246, "global_accuracy": 0.3943, "cluster_win_rates": [0.5942, 0.2393, 0.1665], "cluster_assignments": {"0": [0, 1, 2, 3, 4, 5, 6, 7, 8, 9, 10, 11, 12, 39], "1": [26, 27, 28, 29, 30, 31, 32, 33, 34, 35, 36, 37, 38], "2": [13, 14, 15, 16, 17, 18, 19, 20, 21, 22, 23, 24, 25]}}, "33": {"selected_clients": [1, 9, 11, 6, 2, 0, 10, 39, 5, 3, 4, 7, 12, 8, 31, 35, 30, 29, 26, 37, 38, 34, 28, 27, 36, 33, 32, 25, 19, 24, 22, 23, 17, 13, 21, 18, 15, 20, 14, 16], "average_acc_selected": 33.9122850119585, "average_acc_all": 33.9122850119585, "global_accuracy": 0.3918, "cluster_win_rates": [0.262, 0.5803, 0.1577], "cluster_assignments": {"0": [26, 27, 28, 29, 30, 31, 32, 33, 34, 35, 36, 37, 38], "1": [0, 1, 2, 3, 4, 5, 6, 7, 8, 9, 10, 11, 12, 39], "2": [13, 14, 15, 16, 17, 18, 19, 20, 21, 22, 23, 24, 25]}}, "34": {"selected_clients": [33, 31, 34, 37, 28, 38, 29, 32, 26, 27, 30, 35, 36, 2, 3, 6, 9, 11, 39, 1, 8, 0, 10, 12, 5, 7, 4, 24, 21, 13, 20, 14, 23, 16, 22, 19, 17, 25, 15, 18], "average_acc_selected": 34.17348642518174, "average_acc_all": 34.17348642518174, "global_accuracy": 0.3957, "cluster_win_rates": [0.2417, 0.5926, 0.1657], "cluster_assignments": {"0": [26, 27, 28, 29, 30, 31, 32, 33, 34, 35, 36, 37, 38], "1": [0, 1, 2, 3, 4, 5, 6, 7, 8, 9, 10, 11, 12, 39], "2": [13, 14, 15, 16, 17, 18, 19, 20, 21, 22, 23, 24, 25]}}, "35": {"selected_clients": [38, 32, 34, 37, 35, 28, 29, 36, 31, 26, 27, 33, 30, 8, 3, 4, 12, 9, 2, 10, 5, 11, 7, 1, 6, 0, 39, 23, 20, 19, 24, 22, 18, 15, 16, 21, 25, 13, 17, 14], "average_acc_selected": 34.13955380091731, "average_acc_all": 34.13955380091731, "global_accuracy": 0.3964, "cluster_win_rates": [0.2747, 0.5877, 0.1376], "cluster_assignments": {"0": [26, 27, 28, 29, 30, 31, 32, 33, 34, 35, 36, 37, 38], "1": [0, 1, 2, 3, 4, 5, 6, 7, 8, 9, 10, 11, 12, 39], "2": [13, 14, 15, 16, 17, 18, 19, 20, 21, 22, 23, 24, 25]}}, "36": {"selected_clients": [37, 27, 32, 30, 34, 28, 38, 36, 29, 35, 31, 33, 26, 12, 0, 9, 7, 5, 4, 6, 3, 2, 11, 10, 39, 1, 8, 19, 25, 16, 20, 15, 14, 13, 24, 23, 17, 21, 18, 22], "average_acc_selected": 34.44134421060245, "average_acc_all": 34.44134421060245, "global_accuracy": 0.399, "cluster_win_rates": [0.1647, 0.5923, 0.243], "cluster_assignments": {"0": [13, 14, 15, 16, 17, 18, 19, 20, 21, 22, 23, 24, 25], "1": [0, 1, 2, 3, 4, 5, 6, 7, 8, 9, 10, 11, 12, 39], "2": [26, 27, 28, 29, 30, 31, 32, 33, 34, 35, 36, 37, 38]}}, "37": {"selected_clients": [18, 15, 23, 16, 25, 14, 20, 22, 21, 17, 24, 19, 13, 8, 6, 39, 10, 1, 11, 5, 9, 3, 0, 2, 7, 4, 12, 38, 29, 35, 34, 36, 26, 28, 33, 27, 37, 32, 31, 30], "average_acc_selected": 34.60032847160854, "average_acc_all": 34.60032847160854, "global_accuracy": 0.3961, "cluster_win_rates": [0.1503, 0.5696, 0.2801], "cluster_assignments": {"0": [13, 14, 15, 16, 17, 18, 19, 20, 21, 22, 23, 24, 25], "1": [0, 1, 2, 3, 4, 5, 6, 7, 8, 9, 10, 11, 12, 39], "2": [26, 27, 28, 29, 30, 31, 32, 33, 34, 35, 36, 37, 38]}}, "38": {"selected_clients": [25, 23, 16, 22, 20, 19, 14, 17, 21, 15, 18, 24, 13, 8, 10, 2, 6, 0, 7, 5, 3, 1, 11, 12, 4, 39, 9, 26, 29, 27, 33, 35, 30, 34, 36, 37, 32, 38, 31, 28], "average_acc_selected": 34.73367319705853, "average_acc_all": 34.73367319705853, "global_accuracy": 0.3928, "cluster_win_rates": [0.1687, 0.5554, 0.2759], "cluster_assignments": {"0": [13, 14, 15, 16, 17, 18, 19, 20, 21, 22, 23, 24, 25], "1": [0, 1, 2, 3, 4, 5, 6, 7, 8, 9, 10, 11, 12, 39], "2": [26, 27, 28, 29, 30, 31, 32, 33, 34, 35, 36, 37, 38]}}, "39": {"selected_clients": [23, 17, 19, 18, 16, 20, 24, 13, 22, 25, 14, 21, 15, 10, 5, 1, 11, 2, 9, 12, 3, 4, 39, 8, 6, 7, 0, 32, 35, 36, 28, 29, 31, 33, 27, 37, 34, 30, 26, 38], "average_acc_selected": 34.80074382202389, "average_acc_all": 34.80074382202389, "global_accuracy": 0.3982, "cluster_win_rates": [0.1486, 0.5726, 0.2788], "cluster_assignments": {"0": [13, 14, 15, 16, 17, 18, 19, 20, 21, 22, 23, 24, 25], "1": [0, 1, 2, 3, 4, 5, 6, 7, 8, 9, 10, 11, 12, 39], "2": [26, 27, 28, 29, 30, 31, 32, 33, 34, 35, 36, 37, 38]}}}, "similarity_logs": {"6": [[0.9999939203262329, 0.9987768530845642, 0.9989108443260193, 0.9987216591835022, 0.9990832209587097, 0.9987854361534119, 0.9986456036567688, 0.9987667798995972, 0.9989110827445984, 0.9987077713012695, 0.9985639452934265, 0.9987477660179138, 0.9987366795539856, 0.9971296191215515, 0.9970964789390564, 0.9971441626548767, 0.9965394139289856, 0.9970894455909729, 0.9972946047782898, 0.9968590140342712, 0.996742308139801, 0.9969165325164795, 0.9968050122261047, 0.997151255607605, 0.9969813823699951, 0.9970757961273193, 0.9972862005233765, 0.9968069195747375, 0.9973768591880798, 0.9971627593040466, 0.9973571300506592, 0.9967741966247559, 0.9976395964622498, 0.9976518750190735, 0.9967966079711914, 0.997198224067688, 0.9968748688697815, 0.9972994327545166, 0.9972925782203674, 0.9988158941268921], [0.9987768530845642, 0.9999939203262329, 0.9988128542900085, 0.9986468553543091, 0.9988942742347717, 0.9986082315444946, 0.998725175857544, 0.9986223578453064, 0.9988235831260681, 0.9986760020256042, 0.9985750317573547, 0.9987577199935913, 0.9986724853515625, 0.9966635704040527, 0.9967201948165894, 0.9969198703765869, 0.9961928725242615, 0.9966979026794434, 0.9969018697738647, 0.9966241717338562, 0.9964328408241272, 0.9965216517448425, 0.9964205622673035, 0.9969139695167542, 0.996644139289856, 0.9966511726379395, 0.9967596530914307, 0.9966603517532349, 0.997069776058197, 0.9966168999671936, 0.9970250129699707, 0.996403157711029, 0.9970963001251221, 0.9970649480819702, 0.9964829683303833, 0.9967564344406128, 0.9966501593589783, 0.9968079328536987, 0.9968172907829285, 0.9984499216079712], [0.9989108443260193, 0.9988128542900085, 0.9999942183494568, 0.9987383484840393, 0.9989016056060791, 0.9986140727996826, 0.9986475706100464, 0.9986465573310852, 0.9989181160926819, 0.9987810850143433, 0.9987609386444092, 0.998882532119751, 0.9985572099685669, 0.9968913793563843, 0.9968775510787964, 0.9970546364784241, 0.9963769316673279, 0.9968099594116211, 0.9970588088035583, 0.996648907661438, 0.9966712594032288, 0.99675053358078, 0.9965319633483887, 0.997050404548645, 0.9969071745872498, 0.9969182014465332, 0.9974123239517212, 0.9971903562545776, 0.9977051615715027, 0.9972726702690125, 0.9974780082702637, 0.9971247911453247, 0.9976799488067627, 0.9976992011070251, 0.9971746206283569, 0.9974188804626465, 0.9971750378608704, 0.9974702596664429, 0.9973296523094177, 0.9987950325012207], [0.9987216591835022, 0.9986468553543091, 0.9987383484840393, 0.9999924302101135, 0.9988560676574707, 0.998604416847229, 0.9985057711601257, 0.9987255334854126, 0.9988895654678345, 0.9985172748565674, 0.9986904263496399, 0.998577892780304, 0.9985845685005188, 0.996471107006073, 0.9964339733123779, 0.9968622326850891, 0.9959754943847656, 0.996425449848175, 0.9968322515487671, 0.996304452419281, 0.9962420463562012, 0.9962701797485352, 0.996211051940918, 0.9967092275619507, 0.9963884949684143, 0.9964157938957214, 0.9968215227127075, 0.9964720606803894, 0.9971106648445129, 0.9968147277832031, 0.9970367550849915, 0.9965406656265259, 0.9970473051071167, 0.9970411658287048, 0.9966153502464294, 0.9968860149383545, 0.9965909719467163, 0.9968661069869995, 0.9969494342803955, 0.9985305070877075], [0.9990832209587097, 0.9988942742347717, 0.9989016056060791, 0.9988560676574707, 0.9999915361404419, 0.998737633228302, 0.9988741874694824, 0.9988177418708801, 0.9989691972732544, 0.9988037943840027, 0.9987205862998962, 0.9988569021224976, 0.9987744688987732, 0.9968323707580566, 0.9969789981842041, 0.9971553683280945, 0.9964320659637451, 0.996857225894928, 0.9970951080322266, 0.9967741370201111, 0.9966016411781311, 0.9967383146286011, 0.996590256690979, 0.9970841407775879, 0.996830403804779, 0.996850311756134, 0.997086763381958, 0.9968299865722656, 0.9973554015159607, 0.997126579284668, 0.9973174333572388, 0.996700644493103, 0.9974353313446045, 0.9974591135978699, 0.9968436360359192, 0.9971081018447876, 0.9969326257705688, 0.9971518516540527, 0.9971996545791626, 0.9987761378288269], [0.9987854361534119, 0.9986082315444946, 0.9986140727996826, 0.998604416847229, 0.998737633228302, 0.9999947547912598, 0.9983741641044617, 0.9986886382102966, 0.9985801577568054, 0.9984456896781921, 0.9985089302062988, 0.9984419941902161, 0.9984932541847229, 0.9963802099227905, 0.9963542819023132, 0.9967571496963501, 0.9959372878074646, 0.996417760848999, 0.9967861771583557, 0.9961816668510437, 0.9961175918579102, 0.9962640404701233, 0.9960444569587708, 0.9965233206748962, 0.9963149428367615, 0.9964491128921509, 0.9968893527984619, 0.9963893294334412, 0.9969950914382935, 0.9967614412307739, 0.9970995187759399, 0.9965924024581909, 0.9971116185188293, 0.9972199201583862, 0.9965908527374268, 0.9969216585159302, 0.996485710144043, 0.9970601797103882, 0.9969564080238342, 0.9984433054924011], [0.9986456036567688, 0.998725175857544, 0.9986475706100464, 0.9985057711601257, 0.9988741874694824, 0.9983741641044617, 0.9999918341636658, 0.9985316395759583, 0.9986896514892578, 0.9986063241958618, 0.9984332323074341, 0.9987185597419739, 0.9986094236373901, 0.996492862701416, 0.9965833425521851, 0.9965815544128418, 0.996032178401947, 0.9965021014213562, 0.9966342449188232, 0.9963926076889038, 0.9962242245674133, 0.9963613748550415, 0.9962828755378723, 0.9966603517532349, 0.9965512156486511, 0.996404230594635, 0.996431291103363, 0.9964272379875183, 0.9968375563621521, 0.9964076280593872, 0.9967232346534729, 0.9960962533950806, 0.9968326091766357, 0.9967736601829529, 0.9961435794830322, 0.9963588118553162, 0.996310830116272, 0.9964356422424316, 0.9964591264724731, 0.9983758926391602], [0.9987667798995972, 0.9986223578453064, 0.9986465573310852, 0.9987255334854126, 0.9988177418708801, 0.9986886382102966, 0.9985316395759583, 0.9999921321868896, 0.9987857937812805, 0.9985643625259399, 0.9984488487243652, 0.9984796047210693, 0.9985983371734619, 0.9965274930000305, 0.996575117111206, 0.9968603253364563, 0.9961639046669006, 0.9965685606002808, 0.9968400001525879, 0.996522843837738, 0.9963151812553406, 0.9964742064476013, 0.9962954521179199, 0.9968131184577942, 0.9965257048606873, 0.9965303540229797, 0.9967617392539978, 0.9962834715843201, 0.9969944357872009, 0.9965987801551819, 0.9968720078468323, 0.9963799715042114, 0.997051477432251, 0.9970096945762634, 0.9963558912277222, 0.9966986775398254, 0.9965083599090576, 0.9968474507331848, 0.9968097805976868, 0.9985417723655701], [0.9989110827445984, 0.9988235831260681, 0.9989181160926819, 0.9988895654678345, 0.9989691972732544, 0.9985801577568054, 0.9986896514892578, 0.9987857937812805, 0.9999919533729553, 0.9986602663993835, 0.9985988736152649, 0.9988376498222351, 0.9986515045166016, 0.9968064427375793, 0.996803879737854, 0.9970495104789734, 0.9962544441223145, 0.9966383576393127, 0.9969115257263184, 0.9966018795967102, 0.9965003728866577, 0.9964850544929504, 0.9965295195579529, 0.9969415664672852, 0.9967354536056519, 0.9966525435447693, 0.9969879388809204, 0.9967525601387024, 0.9972847700119019, 0.9969078898429871, 0.9971592426300049, 0.9966514706611633, 0.9972677230834961, 0.9972445368766785, 0.9966983199119568, 0.99698805809021, 0.9967947602272034, 0.997105598449707, 0.9970873594284058, 0.9987005591392517], [0.9987077713012695, 0.9986760020256042, 0.9987810850143433, 0.9985172748565674, 0.9988037943840027, 0.9984456896781921, 0.9986063241958618, 0.9985643625259399, 0.9986602663993835, 0.999992847442627, 0.9984338879585266, 0.9987450838088989, 0.9984170794487, 0.9969062209129333, 0.9968993663787842, 0.9970306158065796, 0.9965493083000183, 0.9969097375869751, 0.9969455003738403, 0.9967800378799438, 0.996663510799408, 0.9967918395996094, 0.9966508150100708, 0.9971346259117126, 0.9970162510871887, 0.9970162510871887, 0.9971218109130859, 0.9969595670700073, 0.997359573841095, 0.9969900846481323, 0.9971813559532166, 0.9968756437301636, 0.9974455237388611, 0.9973428845405579, 0.9967857003211975, 0.9970337748527527, 0.9969202876091003, 0.9971803426742554, 0.997064471244812, 0.9985569715499878], [0.9985639452934265, 0.9985750317573547, 0.9987609386444092, 0.9986904263496399, 0.9987205862998962, 0.9985089302062988, 0.9984332323074341, 0.9984488487243652, 0.9985988736152649, 0.9984338879585266, 0.9999915957450867, 0.9985048174858093, 0.9982991814613342, 0.9963321685791016, 0.9963660836219788, 0.9967814087867737, 0.9959473609924316, 0.9964718222618103, 0.9967827200889587, 0.9960923194885254, 0.996139407157898, 0.9961990118026733, 0.9960052371025085, 0.9966175556182861, 0.9963346123695374, 0.9963475465774536, 0.9968923330307007, 0.9967377781867981, 0.9971671104431152, 0.996863842010498, 0.9971665740013123, 0.9967000484466553, 0.9971209764480591, 0.9971876740455627, 0.9967007040977478, 0.9970284700393677, 0.9966995120048523, 0.997065007686615, 0.9969274401664734, 0.9984133839607239], [0.9987477660179138, 0.9987577199935913, 0.998882532119751, 0.998577892780304, 0.9988569021224976, 0.9984419941902161, 0.9987185597419739, 0.9984796047210693, 0.9988376498222351, 0.9987450838088989, 0.9985048174858093, 0.9999911785125732, 0.9985610246658325, 0.9965434670448303, 0.9966322779655457, 0.9968510270118713, 0.9960802793502808, 0.9964481592178345, 0.9965471029281616, 0.9963610768318176, 0.9962385892868042, 0.9963604807853699, 0.9962830543518066, 0.9966657161712646, 0.9965972304344177, 0.9965877532958984, 0.9969542622566223, 0.9970250725746155, 0.9973381757736206, 0.9969695210456848, 0.9971636533737183, 0.9966939687728882, 0.9972103238105774, 0.9973515868186951, 0.996903121471405, 0.9970102906227112, 0.9969214797019958, 0.9971563220024109, 0.9969369769096375, 0.9985837340354919], [0.9987366795539856, 0.9986724853515625, 0.9985572099685669, 0.9985845685005188, 0.9987744688987732, 0.9984932541847229, 0.9986094236373901, 0.9985983371734619, 0.9986515045166016, 0.9984170794487, 0.9982991814613342, 0.9985610246658325, 0.999992311000824, 0.9964777827262878, 0.9963870048522949, 0.996421754360199, 0.9958624839782715, 0.9963269233703613, 0.9966434836387634, 0.996221125125885, 0.9961725473403931, 0.9963600635528564, 0.9962104558944702, 0.9964313507080078, 0.9962957501411438, 0.9963380098342896, 0.9963790774345398, 0.9958491921424866, 0.9965062737464905, 0.9961574673652649, 0.9964849948883057, 0.995760977268219, 0.9968395829200745, 0.9967036843299866, 0.9958910346031189, 0.9963104128837585, 0.9959378838539124, 0.9963213801383972, 0.9964286684989929, 0.9984573125839233], [0.9971296191215515, 0.9966635704040527, 0.9968913793563843, 0.996471107006073, 0.9968323707580566, 0.9963802099227905, 0.996492862701416, 0.9965274930000305, 0.9968064427375793, 0.9969062209129333, 0.9963321685791016, 0.9965434670448303, 0.9964777827262878, 0.9999925494194031, 0.9986749887466431, 0.9984633326530457, 0.9986085891723633, 0.9986015558242798, 0.9987539649009705, 0.9985464811325073, 0.9987906217575073, 0.9986376166343689, 0.9987489581108093, 0.9985719919204712, 0.9987242221832275, 0.9988579154014587, 0.99644535779953, 0.9958317279815674, 0.9964061975479126, 0.9960538148880005, 0.9961869120597839, 0.9958329796791077, 0.9971606135368347, 0.9966802000999451, 0.995823085308075, 0.9961934685707092, 0.9957119226455688, 0.9964894652366638, 0.9963268041610718, 0.9973292350769043], [0.9970964789390564, 0.9967201948165894, 0.9968775510787964, 0.9964339733123779, 0.9969789981842041, 0.9963542819023132, 0.9965833425521851, 0.996575117111206, 0.996803879737854, 0.9968993663787842, 0.9963660836219788, 0.9966322779655457, 0.9963870048522949, 0.9986749887466431, 0.9999927282333374, 0.9984707832336426, 0.9986642599105835, 0.9986390471458435, 0.9986539483070374, 0.9986264705657959, 0.9986897110939026, 0.9985270500183105, 0.9988057613372803, 0.9986026883125305, 0.9987500905990601, 0.9988250136375427, 0.9965223073959351, 0.9961240887641907, 0.9966444373130798, 0.9961994886398315, 0.9963327646255493, 0.9960790276527405, 0.9972272515296936, 0.9968050122261047, 0.9959819316864014, 0.9963879585266113, 0.996037483215332, 0.9965579509735107, 0.9963471293449402, 0.9973831176757812], [0.9971441626548767, 0.9969198703765869, 0.9970546364784241, 0.9968622326850891, 0.9971553683280945, 0.9967571496963501, 0.9965815544128418, 0.9968603253364563, 0.9970495104789734, 0.9970306158065796, 0.9967814087867737, 0.9968510270118713, 0.996421754360199, 0.9984633326530457, 0.9984707832336426, 0.9999922513961792, 0.9986494183540344, 0.998580276966095, 0.9986567497253418, 0.9986059665679932, 0.9985637068748474, 0.9984585642814636, 0.9986279010772705, 0.9987602829933167, 0.9985618591308594, 0.9986826181411743, 0.9967699646949768, 0.9964255094528198, 0.9968938231468201, 0.996663510799408, 0.9968040585517883, 0.9964929223060608, 0.9971897602081299, 0.9970763921737671, 0.9966172575950623, 0.9967808723449707, 0.9964771866798401, 0.9970281720161438, 0.9968792200088501, 0.9974166750907898], [0.9965394139289856, 0.9961928725242615, 0.9963769316673279, 0.9959754943847656, 0.9964320659637451, 0.9959372878074646, 0.996032178401947, 0.9961639046669006, 0.9962544441223145, 0.9965493083000183, 0.9959473609924316, 0.9960802793502808, 0.9958624839782715, 0.9986085891723633, 0.9986642599105835, 0.9986494183540344, 0.9999935030937195, 0.9987975358963013, 0.9986461400985718, 0.9985520839691162, 0.9987891912460327, 0.9985637664794922, 0.9989015460014343, 0.9986439347267151, 0.9987286925315857, 0.9989088773727417, 0.9962607026100159, 0.9958219528198242, 0.9962971806526184, 0.995855450630188, 0.9960628747940063, 0.9958007335662842, 0.9968928098678589, 0.9964771866798401, 0.9957883954048157, 0.996122419834137, 0.995758593082428, 0.9962974786758423, 0.9960988759994507, 0.9968398809432983], [0.9970894455909729, 0.9966979026794434, 0.9968099594116211, 0.996425449848175, 0.996857225894928, 0.996417760848999, 0.9965021014213562, 0.9965685606002808, 0.9966383576393127, 0.9969097375869751, 0.9964718222618103, 0.9964481592178345, 0.9963269233703613, 0.9986015558242798, 0.9986390471458435, 0.998580276966095, 0.9987975358963013, 0.9999936819076538, 0.9987280368804932, 0.9986136555671692, 0.9986915588378906, 0.9985924363136292, 0.9987175464630127, 0.9986647963523865, 0.9987384676933289, 0.9987691640853882, 0.9964977502822876, 0.9961472749710083, 0.9965904951095581, 0.9962452054023743, 0.996399462223053, 0.996116042137146, 0.9971126317977905, 0.996766209602356, 0.9960452914237976, 0.9963621497154236, 0.9960539937019348, 0.9965107440948486, 0.9964832663536072, 0.9971755146980286], [0.9972946047782898, 0.9969018697738647, 0.9970588088035583, 0.9968322515487671, 0.9970951080322266, 0.9967861771583557, 0.9966342449188232, 0.9968400001525879, 0.9969115257263184, 0.9969455003738403, 0.9967827200889587, 0.9965471029281616, 0.9966434836387634, 0.9987539649009705, 0.9986539483070374, 0.9986567497253418, 0.9986461400985718, 0.9987280368804932, 0.9999934434890747, 0.9986022114753723, 0.9988740682601929, 0.9986613988876343, 0.998761773109436, 0.9986808896064758, 0.9986253976821899, 0.9987738132476807, 0.996626079082489, 0.9959797263145447, 0.9966694116592407, 0.9963341951370239, 0.9965698719024658, 0.9961593151092529, 0.9972652792930603, 0.9969125390052795, 0.9961725473403931, 0.9965190887451172, 0.9959799647331238, 0.9966399073600769, 0.9965963363647461, 0.997497022151947], [0.9968590140342712, 0.9966241717338562, 0.996648907661438, 0.996304452419281, 0.9967741370201111, 0.9961816668510437, 0.9963926076889038, 0.996522843837738, 0.9966018795967102, 0.9967800378799438, 0.9960923194885254, 0.9963610768318176, 0.996221125125885, 0.9985464811325073, 0.9986264705657959, 0.9986059665679932, 0.9985520839691162, 0.9986136555671692, 0.9986022114753723, 0.999992847442627, 0.998667299747467, 0.9986518621444702, 0.9987567067146301, 0.9987242221832275, 0.9986655116081238, 0.9986812472343445, 0.9963458776473999, 0.9959247708320618, 0.9965100884437561, 0.9961391091346741, 0.996225118637085, 0.9958743453025818, 0.996940016746521, 0.9965852499008179, 0.9958465695381165, 0.9960849285125732, 0.9959139823913574, 0.996393620967865, 0.996381402015686, 0.9970219135284424], [0.996742308139801, 0.9964328408241272, 0.9966712594032288, 0.9962420463562012, 0.9966016411781311, 0.9961175918579102, 0.9962242245674133, 0.9963151812553406, 0.9965003728866577, 0.996663510799408, 0.996139407157898, 0.9962385892868042, 0.9961725473403931, 0.9987906217575073, 0.9986897110939026, 0.9985637068748474, 0.9987891912460327, 0.9986915588378906, 0.9988740682601929, 0.998667299747467, 0.9999942779541016, 0.9987424612045288, 0.998885452747345, 0.9986892938613892, 0.9988084435462952, 0.9988492727279663, 0.9964525103569031, 0.9958084225654602, 0.9964414834976196, 0.9959813356399536, 0.9961979389190674, 0.9959824085235596, 0.997044563293457, 0.9965587258338928, 0.9959006905555725, 0.9962283372879028, 0.9958083629608154, 0.9963582754135132, 0.9963142275810242, 0.9969804883003235], [0.9969165325164795, 0.9965216517448425, 0.99675053358078, 0.9962701797485352, 0.9967383146286011, 0.9962640404701233, 0.9963613748550415, 0.9964742064476013, 0.9964850544929504, 0.9967918395996094, 0.9961990118026733, 0.9963604807853699, 0.9963600635528564, 0.9986376166343689, 0.9985270500183105, 0.9984585642814636, 0.9985637664794922, 0.9985924363136292, 0.9986613988876343, 0.9986518621444702, 0.9987424612045288, 0.9999940395355225, 0.9985964894294739, 0.998607337474823, 0.9987170696258545, 0.9988622665405273, 0.99653160572052, 0.9958174228668213, 0.9964865446090698, 0.9960548281669617, 0.9962868094444275, 0.9958915710449219, 0.9972047209739685, 0.9967851042747498, 0.9959745407104492, 0.9963556528091431, 0.995972752571106, 0.9964268803596497, 0.9963812232017517, 0.9970096349716187], [0.9968050122261047, 0.9964205622673035, 0.9965319633483887, 0.996211051940918, 0.996590256690979, 0.9960444569587708, 0.9962828755378723, 0.9962954521179199, 0.9965295195579529, 0.9966508150100708, 0.9960052371025085, 0.9962830543518066, 0.9962104558944702, 0.9987489581108093, 0.9988057613372803, 0.9986279010772705, 0.9989015460014343, 0.9987175464630127, 0.998761773109436, 0.9987567067146301, 0.998885452747345, 0.9985964894294739, 0.9999955296516418, 0.9985376596450806, 0.9987589716911316, 0.9988860487937927, 0.9960732460021973, 0.9955302476882935, 0.9961574077606201, 0.9957147240638733, 0.9958731532096863, 0.9955042600631714, 0.9968276023864746, 0.9963269829750061, 0.9954708814620972, 0.9958297610282898, 0.9953863024711609, 0.996047854423523, 0.9959459900856018, 0.997169554233551], [0.997151255607605, 0.9969139695167542, 0.997050404548645, 0.9967092275619507, 0.9970841407775879, 0.9965233206748962, 0.9966603517532349, 0.9968131184577942, 0.9969415664672852, 0.9971346259117126, 0.9966175556182861, 0.9966657161712646, 0.9964313507080078, 0.9985719919204712, 0.9986026883125305, 0.9987602829933167, 0.9986439347267151, 0.9986647963523865, 0.9986808896064758, 0.9987242221832275, 0.9986892938613892, 0.998607337474823, 0.9985376596450806, 0.9999940991401672, 0.9986576437950134, 0.9987471699714661, 0.9966469407081604, 0.9963211417198181, 0.9967440962791443, 0.996403